shape_id,shape_pt_lat,shape_pt_lon,shape_pt_sequence,shape_dist_traveled
2168842,-27.5984927,-48.5535576,0,
2168842,-27.597877,-48.5538667,1,
2168842,-27.597877,-48.5538667,2,
2168842,-27.5977868,-48.5538459,3,
2168842,-27.597722,-48.5538299,4,
2168842,-27.5976678,-48.5538557,5,
2168842,-27.5976413,-48.5539181,6,
2168842,-27.597657,-48.5539906,7,
2168842,-27.5977091,-48.5540278,8,
2168842,-27.5977759,-48.5540262,9,
2168842,-27.5992462,-48.5532717,10,
2168842,-27.5993185,-48.5532885,11,
2168842,-27.5993185,-48.5532885,12,
2168842,-27.5994301,-48.5532792,13,
2168842,-27.5995522,-48.5532517,14,
2168842,-27.5997251,-48.5532026,15,
2168842,-27.5997251,-48.5532026,16,
2168842,-27.5999742,-48.5529141,17,
2168842,-27.6001145,-48.5527266,18,
2168842,-27.6001851,-48.5525363,19,
2168842,-27.6002143,-48.5523583,20,
2168842,-27.6002121,-48.5522788,21,
2168842,-27.6002095,-48.5521824,22,
2168842,-27.6001994,-48.552087,23,
2168842,-27.6001994,-48.552087,24,
2168842,-27.6001801,-48.5520153,25,
2168842,-27.6001209,-48.5518463,26,
2168842,-27.6000303,-48.5517027,27,
2168842,-27.5999276,-48.5515849,28,
2168842,-27.5996838,-48.5513434,29,
2168842,-27.5996042,-48.5512415,30,
2168842,-27.5995556,-48.5511359,31,
2168842,-27.5995459,-48.5509999,32,
2168842,-27.5995477,-48.5509035,33,
2168842,-27.599577,-48.5508016,34,
2168842,-27.5997008,-48.5506207,35,
2168842,-27.5997008,-48.5506207,36,
2168842,-27.6002106,-48.5501111,37,
2168842,-27.6002106,-48.5501111,38,
2168842,-27.6003793,-48.5499206,39,
2168842,-27.6004518,-48.5497861,40,
2168842,-27.6005403,-48.5496047,41,
2168842,-27.600715,-48.5493004,42,
2168842,-27.6008841,-48.5491255,43,
2168842,-27.6009394,-48.5490744,44,
2168842,-27.601032,-48.5489791,45,
2168842,-27.601032,-48.5489791,46,
2168842,-27.6015202,-48.5484697,47,
2168842,-27.6015912,-48.5483956,48,
2168842,-27.602622,-48.547536,49,
2168842,-27.6027046,-48.5474569,50,
2168842,-27.6027046,-48.5474569,51,
2168842,-27.6027917,-48.5473609,52,
2168842,-27.6032527,-48.5468711,53,
2168842,-27.6036871,-48.5464095,54,
2168842,-27.6037701,-48.546323,55,
2168842,-27.6037701,-48.546323,56,
2168842,-27.6038135,-48.5463385,57,
2168842,-27.6039169,-48.5463882,58,
2168842,-27.6043709,-48.5466385,59,
2168842,-27.6046539,-48.5467887,60,
2168842,-27.6046539,-48.5467887,61,
2168842,-27.6049092,-48.5469361,62,
2168842,-27.6050067,-48.5469694,63,
2168842,-27.6051284,-48.5469866,64,
2168842,-27.6056495,-48.5470165,65,
2168842,-27.6056495,-48.5470165,66,
2168842,-27.605719,-48.5470221,67,
2168842,-27.6060743,-48.5470268,68,
2168842,-27.6065876,-48.5470302,69,
2168842,-27.6067974,-48.5470849,70,
2168842,-27.6069919,-48.5472036,71,
2168842,-27.6069919,-48.5472036,72,
2168842,-27.6072504,-48.54739,73,
2168842,-27.6073284,-48.5474303,74,
2168842,-27.6076156,-48.5476165,75,
2168842,-27.607671,-48.5476543,76,
2168842,-27.6076711,-48.5476544,77,
2168842,-27.6077998,-48.5477178,78,
2168842,-27.6080737,-48.5478473,79,
2168842,-27.6080737,-48.5478473,80,
2168842,-27.6083288,-48.5480327,81,
2168842,-27.608564,-48.5481768,82,
2168842,-27.6090508,-48.5482884,83,
2168842,-27.6098142,-48.5483205,84,
2168842,-27.6104352,-48.5485988,85,
2168842,-27.6106886,-48.5488092,86,
2168842,-27.610759,-48.5490406,87,
2168842,-27.6108022,-48.549495,88,
2168842,-27.6109222,-48.5497797,89,
2168842,-27.6110718,-48.5499247,90,
2168842,-27.6113477,-48.5500221,91,
2168842,-27.6117128,-48.5500307,92,
2168842,-27.6120806,-48.5498952,93,
2168842,-27.6123086,-48.5497471,94,
2168842,-27.6123803,-48.5496805,95,
2168842,-27.6124329,-48.5495862,96,
2168842,-27.6124465,-48.549477,97,
2168842,-27.6124305,-48.5493811,98,
2168842,-27.6123835,-48.5492869,99,
2168842,-27.6123293,-48.5492127,100,
2168842,-27.6121457,-48.5489834,101,
2168842,-27.6120936,-48.5488934,102,
2168842,-27.6120698,-48.548787,103,
2168842,-27.6120619,-48.5486642,104,
2168842,-27.6120627,-48.5485433,105,
2168842,-27.6120777,-48.548446,106,
2168842,-27.6121042,-48.548353,107,
2168842,-27.6121042,-48.548353,108,
2168842,-27.6121463,-48.548254,109,
2168842,-27.6127075,-48.5473008,110,
2168842,-27.612846,-48.5470696,111,
2168842,-27.6129299,-48.5469308,112,
2168842,-27.6129895,-48.5467574,113,
2168842,-27.6129972,-48.5464023,114,
2168842,-27.6130741,-48.5461168,115,
2168842,-27.6132034,-48.5458851,116,
2168842,-27.6132936,-48.5457439,117,
2168842,-27.6133936,-48.5456448,118,
2168842,-27.6136189,-48.5454646,119,
2168842,-27.6141544,-48.5450362,120,
2168842,-27.614877,-48.5444581,121,
2168842,-27.6149294,-48.5443779,122,
2168842,-27.6149694,-48.5442813,123,
2168842,-27.6149762,-48.5441594,124,
2168842,-27.6149464,-48.544047,125,
2168842,-27.6148905,-48.5439572,126,
2168842,-27.6148511,-48.5439073,127,
2168842,-27.6148511,-48.5439073,128,
2168842,-27.6147852,-48.5438237,129,
2168842,-27.6146418,-48.543669,130,
2168842,-27.6138403,-48.5427533,131,
2168842,-27.6132715,-48.5420955,132,
2168842,-27.6126547,-48.5416078,133,
2168842,-27.6122488,-48.5411566,134,
2168842,-27.6118574,-48.5408949,135,
2168842,-27.6115627,-48.5406989,136,
2168842,-27.6111595,-48.5403265,137,
2168842,-27.610717,-48.5400064,138,
2168842,-27.610616,-48.5399136,139,
2168842,-27.6105269,-48.5398193,140,
2168842,-27.6104461,-48.5397223,141,
2168842,-27.6103457,-48.5395953,142,
2168842,-27.6103457,-48.5395953,143,
2168842,-27.6102708,-48.5394876,144,
2168842,-27.6102708,-48.5394876,145,
2168842,-27.6100659,-48.539203,146,
2168842,-27.6100659,-48.539203,147,
2168842,-27.6099759,-48.5390836,148,
2168842,-27.6099759,-48.5390836,149,
2168842,-27.60994,-48.5390496,150,
2168842,-27.6096628,-48.5386488,151,
2168842,-27.609508,-48.5384707,152,
2168842,-27.6093208,-48.5382568,153,
2168842,-27.6091308,-48.5380228,154,
2168842,-27.6089325,-48.5377219,155,
2168842,-27.6087292,-48.5374522,156,
2168842,-27.6082575,-48.5367178,157,
2168842,-27.6080628,-48.5364671,158,
2168842,-27.6079979,-48.5362703,159,
2168842,-27.6079,-48.5359661,160,
2168842,-27.6078378,-48.5351137,161,
2168842,-27.6078134,-48.5346951,162,
2168842,-27.6078091,-48.5345713,163,
2168842,-27.607816,-48.5344473,164,
2168842,-27.6078451,-48.5343215,165,
2168842,-27.6079451,-48.5341015,166,
2168842,-27.6080025,-48.5339715,167,
2168842,-27.6080393,-48.5338971,168,
2168842,-27.6083295,-48.5333046,169,
2168842,-27.6084654,-48.533044,170,
2168842,-27.6085219,-48.5329358,171,
2168842,-27.6086455,-48.532718,172,
2168842,-27.6087257,-48.5325765,173,
2168842,-27.6089203,-48.5323635,174,
2168842,-27.609142,-48.5321443,175,
2168842,-27.6094532,-48.5318927,176,
2168842,-27.6098065,-48.531503,177,
2168842,-27.6098065,-48.531503,178,
2168842,-27.609917,-48.5313515,179,
2168842,-27.6100956,-48.5310722,180,
2168842,-27.6103172,-48.5307953,181,
2168842,-27.6105755,-48.5304635,182,
2168842,-27.6109284,-48.5301479,183,
2168842,-27.6112172,-48.5298652,184,
2168842,-27.611477,-48.5294817,185,
2168842,-27.6117769,-48.5290704,186,
2168842,-27.6119244,-48.5288587,187,
2168842,-27.6120142,-48.5287442,188,
2168842,-27.6121032,-48.5286558,189,
2168842,-27.6122319,-48.5285396,190,
2168842,-27.6122704,-48.5285047,191,
2168842,-27.6122704,-48.5285047,192,
2168842,-27.6124725,-48.5283805,193,
2168842,-27.6127614,-48.5280204,194,
2168842,-27.6128114,-48.5279009,195,
2168842,-27.6128737,-48.5277836,196,
2168842,-27.6129278,-48.5277125,197,
2168842,-27.6132642,-48.5272696,198,
2168842,-27.6132642,-48.5272696,199,
2168842,-27.6134825,-48.5269797,200,
2168842,-27.6134825,-48.5269797,201,
2168842,-27.6134924,-48.5268351,202,
2168842,-27.6134591,-48.5266604,203,
2168842,-27.6133873,-48.5264752,204,
2168842,-27.613205,-48.5261667,205,
2168842,-27.6131486,-48.5260872,206,
2168842,-27.6130911,-48.5260063,207,
2168842,-27.6129509,-48.5258542,208,
2168842,-27.6128533,-48.5257643,209,
2168842,-27.6123447,-48.5252959,210,
2168842,-27.6122726,-48.5252211,211,
2168842,-27.6122121,-48.5251515,212,
2168842,-27.612093,-48.5250694,213,
2168842,-27.6120699,-48.5250648,214,
2168842,-27.6119873,-48.5250574,215,
2168842,-27.6116175,-48.52503,216,
2168842,-27.6114842,-48.5249918,217,
2168842,-27.6113528,-48.5249213,218,
2168842,-27.6112713,-48.5248601,219,
2168842,-27.6112713,-48.5248601,220,
2168842,-27.611084,-48.5246902,221,
2168842,-27.6109749,-48.5245609,222,
2168842,-27.6108318,-48.5243651,223,
2168842,-27.6108318,-48.5243651,224,
2168842,-27.6107203,-48.5242047,225,
2168842,-27.6106449,-48.5241046,226,
2168842,-27.6104281,-48.5237892,227,
2168842,-27.6102017,-48.5234671,228,
2168842,-27.6100567,-48.5232619,229,
2168842,-27.6100189,-48.5232068,230,
2168842,-27.6099887,-48.5231652,231,
2168842,-27.6098523,-48.5229502,232,
2168842,-27.6096993,-48.5227395,233,
2168842,-27.6096091,-48.52262,234,
2168842,-27.6094077,-48.522342,235,
2168842,-27.6093698,-48.5222881,236,
2168842,-27.6091067,-48.5219253,237,
2168842,-27.6090516,-48.5218478,238,
2168842,-27.6090218,-48.5218059,239,
2168842,-27.6087957,-48.5214762,240,
2168842,-27.6087282,-48.5213826,241,
2168842,-27.6087113,-48.5213606,242,
2168842,-27.6086659,-48.5212969,243,
2168842,-27.6083882,-48.5209072,244,
2168842,-27.6083299,-48.5208283,245,
2168842,-27.6080255,-48.5203632,246,
2168842,-27.6079896,-48.5203054,247,
2168842,-27.6079139,-48.5202032,248,
2168842,-27.6078725,-48.5201582,249,
2168842,-27.6077464,-48.5200345,250,
2168842,-27.6076691,-48.5199763,251,
2168842,-27.6076098,-48.5199392,252,
2168842,-27.607472,-48.5198665,253,
2168842,-27.6071429,-48.519713,254,
2168842,-27.6071429,-48.519713,255,
2168842,-27.607072,-48.5196537,256,
2168842,-27.6069916,-48.519603,257,
2168842,-27.6069916,-48.519603,258,
2168842,-27.6069708,-48.519558,259,
2168842,-27.606938,-48.5195239,260,
2168842,-27.6069068,-48.5195074,261,
2168842,-27.6069068,-48.5195074,262,
2168842,-27.6066747,-48.5191891,263,
2168842,-27.6066747,-48.5191891,264,
2168842,-27.6065538,-48.5190047,265,
2168842,-27.6063324,-48.5186486,266,
2168842,-27.6059684,-48.5182119,267,
2168842,-27.6058222,-48.5180442,268,
2168842,-27.6054309,-48.5176202,269,
2168842,-27.6053017,-48.5174967,270,
2168842,-27.6051295,-48.5173439,271,
2168842,-27.6049879,-48.5172211,272,
2168842,-27.6046912,-48.5169701,273,
2168842,-27.6046197,-48.516919,274,
2168842,-27.6045422,-48.516872,275,
2168842,-27.6044676,-48.5168578,276,
2168842,-27.6043969,-48.5168591,277,
2168842,-27.6042982,-48.5168673,278,
2168842,-27.6041542,-48.5169021,279,
2168842,-27.6036265,-48.5170741,280,
2168842,-27.6033112,-48.5171369,281,
2168842,-27.6027846,-48.5172417,282,
2168842,-27.6027846,-48.5172417,283,
2168842,-27.6022761,-48.5173038,284,
2168842,-27.6022761,-48.5173038,285,
2168842,-27.6021286,-48.5173022,286,
2168842,-27.6021286,-48.5173022,287,
2168842,-27.6021159,-48.5176927,288,
2168842,-27.6021159,-48.5176927,289,
2168842,-27.6019899,-48.5193895,290,
2168842,-27.6019879,-48.5194247,291,
2168842,-27.6019879,-48.5194247,292,
2168842,-27.6019832,-48.5195093,293,
2168842,-27.6019832,-48.5195093,294,
2168842,-27.6019794,-48.5195759,295,
2168842,-27.6019794,-48.5195759,296,
2168842,-27.6019424,-48.5195823,297,
2168842,-27.6019073,-48.5196029,298,
2168842,-27.6018834,-48.5196312,299,
2168842,-27.6018668,-48.5196717,300,
2168842,-27.601863,-48.5197023,301,
2168842,-27.6018691,-48.5197463,302,
2168842,-27.6018853,-48.5197809,303,
2168842,-27.6019261,-48.5198196,304,
2168842,-27.6019639,-48.5198322,305,
2168842,-27.6019639,-48.5198322,306,
2168842,-27.6019857,-48.5198326,307,
2168842,-27.6020239,-48.5198214,308,
2168842,-27.6020467,-48.5198058,309,
2168842,-27.6020731,-48.5197727,310,
2168842,-27.6020886,-48.5197275,311,
2168842,-27.6020888,-48.5196829,312,
2168842,-27.6020682,-48.5196283,313,
2168842,-27.6020395,-48.5195976,314,
2168842,-27.6020154,-48.5195839,315,
2168842,-27.6019794,-48.5195759,316,
2168842,-27.6022545,-48.5175445,317,
2168842,-27.6021159,-48.5176927,318,
2168842,-27.6022761,-48.5173038,319,
2168842,-27.6023457,-48.5173432,320,
2168842,-27.6023506,-48.5174198,321,
2168842,-27.6022545,-48.5175445,322,
2168842,-27.6021286,-48.5173022,323,
2168842,-27.601955,-48.5172724,324,
2168842,-27.6017915,-48.5172033,325,
2168842,-27.6015758,-48.5170976,326,
2168842,-27.6013046,-48.516994,327,
2168842,-27.6013046,-48.516994,328,
2168842,-27.6007986,-48.5167482,329,
2168842,-27.6007066,-48.516716,330,
2168842,-27.6007066,-48.516716,331,
2168842,-27.6003988,-48.5167093,332,
2168842,-27.6002388,-48.5166594,333,
2168842,-27.6001922,-48.5166531,334,
2168842,-27.6001424,-48.516677,335,
2168842,-27.6000738,-48.516724,336,
2168842,-27.6000738,-48.516724,337,
2168842,-27.6000385,-48.5168274,338,
2168842,-27.5999205,-48.5172723,339,
2168842,-27.5999205,-48.5172723,340,
2168842,-27.5996736,-48.5180518,341,
2168842,-27.5996234,-48.5182104,342,
2168842,-27.5995909,-48.518313,343,
2168842,-27.5995609,-48.5184077,344,
2168842,-27.5995328,-48.5184962,345,
2168842,-27.5995328,-48.5184962,346,
2168842,-27.5994963,-48.5185862,347,
2168842,-27.5994963,-48.5185862,348,
2168842,-27.5994368,-48.5186784,349,
2168842,-27.5993474,-48.5188073,350,
2168842,-27.5991783,-48.5189987,351,
2168842,-27.5988281,-48.519355,352,
2168842,-27.5982585,-48.51997,353,
2168842,-27.5982585,-48.51997,354,
2168842,-27.5980878,-48.5200895,355,
2168842,-27.5980196,-48.5201188,356,
2168842,-27.5980196,-48.5201188,357,
2168842,-27.5979588,-48.5201081,358,
2168842,-27.5979588,-48.5201081,359,
2168842,-27.5978826,-48.5201294,360,
2168842,-27.5978333,-48.5201709,361,
2168842,-27.597803,-48.5202201,362,
2168842,-27.597803,-48.5202201,363,
2168842,-27.5977859,-48.520287,364,
2168842,-27.5977859,-48.520287,365,
2168842,-27.5977365,-48.5203023,366,
2168842,-27.5972606,-48.5204494,367,
2168842,-27.5972606,-48.5204494,368,
2168842,-27.5967841,-48.5205665,369,
2168842,-27.5965717,-48.5206201,370,
2168842,-27.5965227,-48.5206339,371,
2168842,-27.5960419,-48.5207696,372,
2168842,-27.595757,-48.5208556,373,
2168842,-27.5954821,-48.5209303,374,
2168842,-27.5954561,-48.5209374,375,
2168842,-27.5954339,-48.5209435,376,
2168842,-27.5951885,-48.5210193,377,
2168842,-27.595112,-48.5210336,378,
2168842,-27.5948738,-48.5211047,379,
2168842,-27.5944132,-48.5212384,380,
2168842,-27.5940019,-48.5213469,381,
2168842,-27.5939277,-48.5213642,382,
2168842,-27.5937441,-48.5214069,383,
2168842,-27.5935668,-48.5214116,384,
2168842,-27.5935475,-48.521411,385,
2168842,-27.5934461,-48.5214074,386,
2168842,-27.5931322,-48.5213702,387,
2168842,-27.5931322,-48.5213702,388,
2168842,-27.5930064,-48.5213469,389,
2168842,-27.5929114,-48.5213293,390,
2168842,-27.5928787,-48.5213171,391,
2168842,-27.5928787,-48.5213171,392,
2168842,-27.5928615,-48.5212938,393,
2168842,-27.5928401,-48.5212793,394,
2168842,-27.5928401,-48.5212793,395,
2168842,-27.5928142,-48.5212732,396,
2168842,-27.5927882,-48.5212771,397,
2168842,-27.5927588,-48.5212964,398,
2168842,-27.5927429,-48.5213198,399,
2168842,-27.5927429,-48.5213198,400,
2168842,-27.5926548,-48.5213908,401,
2168842,-27.5925141,-48.5214426,402,
2168842,-27.592289,-48.5215378,403,
2168842,-27.592289,-48.5215378,404,
2168842,-27.591978,-48.5216043,405,
2168842,-27.5917612,-48.5216425,406,
2168842,-27.5914361,-48.5216997,407,
2168842,-27.5909509,-48.521777,408,
2168842,-27.5908772,-48.5217887,409,
2168842,-27.590692,-48.5218104,410,
2168842,-27.5904724,-48.5218317,411,
2168842,-27.5904097,-48.5218378,412,
2168842,-27.5902966,-48.5218606,413,
2168842,-27.5902036,-48.5218924,414,
2168842,-27.5901065,-48.5219417,415,
2168842,-27.5900145,-48.5220201,416,
2168842,-27.5898033,-48.5221999,417,
2168842,-27.5897147,-48.5222603,418,
2168842,-27.5896387,-48.5223026,419,
2168842,-27.5895068,-48.5223588,420,
2168842,-27.5893595,-48.5224103,421,
2168842,-27.5892049,-48.522468,422,
2168842,-27.5891064,-48.5225048,423,
2168842,-27.5889804,-48.5225401,424,
2168842,-27.5888949,-48.5225771,425,
2168842,-27.5888172,-48.5226238,426,
2168842,-27.5887411,-48.5226733,427,
2168842,-27.5886751,-48.5227282,428,
2168842,-27.5885974,-48.5228054,429,
2168842,-27.5885383,-48.5228759,430,
2168842,-27.5885383,-48.5228759,431,
2168842,-27.5885045,-48.5229238,432,
2168842,-27.5884392,-48.5230256,433,
2168842,-27.5883862,-48.523114,434,
2168842,-27.5883058,-48.523265,435,
2168842,-27.588245,-48.523387,436,
2168842,-27.5881917,-48.523472,437,
2168842,-27.5881619,-48.5235096,438,
2168842,-27.5881146,-48.5235691,439,
2168842,-27.58803,-48.5236429,440,
2168842,-27.5878263,-48.5238027,441,
2168842,-27.587561,-48.5239711,442,
2168842,-27.5874406,-48.5240652,443,
2168842,-27.5873019,-48.5241835,444,
2168842,-27.5872777,-48.5242041,445,
2168842,-27.5871772,-48.5242909,446,
2168842,-27.5870921,-48.5243782,447,
2168842,-27.5868672,-48.5245972,448,
2168842,-27.586835,-48.5246322,449,
2168842,-27.5867828,-48.5246851,450,
2168842,-27.5866726,-48.524794,451,
2168842,-27.5865313,-48.5249053,452,
2168842,-27.5864732,-48.5249184,453,
2168842,-27.5863917,-48.5249357,454,
2168842,-27.5862759,-48.5249205,455,
2168842,-27.5861669,-48.5248837,456,
2168842,-27.5858304,-48.5247331,457,
2168842,-27.5857464,-48.5247039,458,
2168842,-27.5856809,-48.5246821,459,
2168842,-27.5856252,-48.524671,460,
2168842,-27.5853755,-48.5246256,461,
2168842,-27.5852826,-48.5246223,462,
2168842,-27.5851764,-48.5246412,463,
2168842,-27.585052,-48.5246818,464,
2168842,-27.5849497,-48.5247268,465,
2168842,-27.5845898,-48.5249356,466,
2168842,-27.584557,-48.5249546,467,
2168842,-27.5843154,-48.5250996,468,
2168842,-27.5841283,-48.5251963,469,
2168842,-27.5840887,-48.5252168,470,
2168842,-27.5840086,-48.5252719,471,
2168842,-27.5840086,-48.5252719,472,
2168842,-27.5837635,-48.525462,473,
2168842,-27.5836639,-48.5256037,474,
2168842,-27.5835803,-48.5256738,475,
2168842,-27.5832405,-48.5258848,476,
2168842,-27.5829347,-48.526046,477,
2168842,-27.5828827,-48.5260661,478,
2168842,-27.5828383,-48.5260832,479,
2168842,-27.5826802,-48.5261559,480,
2168842,-27.5826005,-48.5261925,481,
2168842,-27.5821584,-48.5263594,482,
2168842,-27.5821584,-48.5263594,483,
2168842,-27.5820438,-48.5264071,484,
2168842,-27.5819404,-48.5264465,485,
2168842,-27.5811542,-48.5266983,486,
2168842,-27.5808096,-48.5266213,487,
2168842,-27.5804677,-48.526484,488,
2168842,-27.5804168,-48.5264635,489,
2168842,-27.5797954,-48.5262346,490,
2168842,-27.5797954,-48.5262346,491,
2168842,-27.5797181,-48.5261608,492,
2168842,-27.5796503,-48.5260576,493,
2168842,-27.5795941,-48.5259129,494,
2168842,-27.5795941,-48.5259129,495,
2168842,-27.5795568,-48.5258683,496,
2168842,-27.5795177,-48.5258364,497,
2168842,-27.5794626,-48.5258168,498,
2168842,-27.5794141,-48.5258048,499,
2168842,-27.579369,-48.5258068,500,
2168842,-27.5792884,-48.5258329,501,
2168842,-27.5792884,-48.5258329,502,
2168842,-27.5792054,-48.5258881,503,
2168842,-27.5790925,-48.5259437,504,
2168842,-27.5788816,-48.5260275,505,
2168842,-27.5788816,-48.5260275,506,
2168842,-27.5787883,-48.5260527,507,
2168842,-27.5786943,-48.5260963,508,
2168842,-27.5786137,-48.5261458,509,
2168842,-27.5779128,-48.5266524,510,
2168842,-27.5778155,-48.5267201,511,
2168842,-27.5777445,-48.5267694,512,
2168842,-27.5773933,-48.5270482,513,
2168842,-27.5771568,-48.5272709,514,
2168842,-27.5770756,-48.5273622,515,
2168842,-27.5770013,-48.5274533,516,
2168842,-27.5769786,-48.5275682,517,
2168842,-27.5769823,-48.5276949,518,
2168842,-27.5770063,-48.5278315,519,
2168842,-27.5770166,-48.5279035,520,
2168842,-27.5770868,-48.5282026,521,
2168842,-27.5770973,-48.5283259,522,
2168842,-27.5771064,-48.5286111,523,
2168842,-27.5770605,-48.5289197,524,
2168842,-27.5770243,-48.5290119,525,
2168842,-27.5770097,-48.5290469,526,
2168842,-27.5769881,-48.529094,527,
2168842,-27.5769121,-48.5292771,528,
2168842,-27.5766645,-48.5296497,529,
2168842,-27.5766381,-48.5296894,530,
2168842,-27.576569,-48.5297534,531,
2168842,-27.576265,-48.530035,532,
2168842,-27.5760369,-48.5301389,533,
2168842,-27.57582,-48.5302855,534,
2168842,-27.5756609,-48.5304569,535,
2168842,-27.5752924,-48.5313304,536,
2168842,-27.5752924,-48.5313304,537,
2168842,-27.5749605,-48.5319114,538,
2168842,-27.574883,-48.5320995,539,
2168842,-27.574841,-48.5322016,540,
2168842,-27.5740816,-48.534046,541,
2168842,-27.5740613,-48.5341008,542,
2168842,-27.5740613,-48.5341008,543,
2168842,-27.5739855,-48.5343052,544,
2168842,-27.5739496,-48.5344955,545,
2168842,-27.5739407,-48.5347561,546,
2168842,-27.5739498,-48.5350151,547,
2168842,-27.5740214,-48.5352551,548,
2168842,-27.5740214,-48.5352551,549,
2168842,-27.5740471,-48.5353216,550,
2168842,-27.5740923,-48.535402,551,
2168842,-27.5742038,-48.5355782,552,
2168842,-27.5742038,-48.5355782,553,
2168842,-27.5742823,-48.5357949,554,
2168842,-27.5744107,-48.5361495,555,
2168842,-27.574852,-48.5370058,556,
2168842,-27.574879,-48.5370591,557,
2168842,-27.5749345,-48.5371686,558,
2168842,-27.5750794,-48.5374398,559,
2168842,-27.5752242,-48.5377108,560,
2168842,-27.5753151,-48.5379949,561,
2168842,-27.5753365,-48.5381691,562,
2168842,-27.5753318,-48.5382551,563,
2168842,-27.575309,-48.5383821,564,
2168842,-27.575244,-48.5386221,565,
2168842,-27.5751856,-48.5387982,566,
2168842,-27.5751283,-48.5389774,567,
2168842,-27.5751145,-48.5391061,568,
2168842,-27.5751133,-48.5392664,569,
2168842,-27.5751292,-48.5394032,570,
2168842,-27.5751829,-48.5395738,571,
2168842,-27.5752367,-48.5397206,572,
2168842,-27.57539,-48.540139,573,
2168842,-27.5754264,-48.5402383,574,
2168842,-27.5754673,-48.5403428,575,
2168842,-27.5756743,-48.5409056,576,
2168842,-27.5756991,-48.540988,577,
2168842,-27.5758633,-48.5414651,578,
2168842,-27.5759466,-48.5416537,579,
2168842,-27.5760099,-48.5417788,580,
2168842,-27.5760625,-48.5418825,581,
2168842,-27.5761412,-48.5420049,582,
2168842,-27.5761412,-48.5420049,583,
2168842,-27.5764482,-48.5423136,584,
2168842,-27.5765105,-48.5423376,585,
2168842,-27.5768531,-48.5424693,586,
2168842,-27.5770857,-48.5425475,587,
2168842,-27.577364,-48.5426248,588,
2168842,-27.5776283,-48.5426912,589,
2168842,-27.5785472,-48.5429245,590,
2168842,-27.5790179,-48.543044,591,
2168842,-27.5793286,-48.5431229,592,
2168842,-27.579642,-48.5432025,593,
2168842,-27.57971,-48.5432177,594,
2168842,-27.5799399,-48.5432692,595,
2168842,-27.5802537,-48.5433435,596,
2168842,-27.5808323,-48.5434471,597,
2168842,-27.5816221,-48.543628,598,
2168842,-27.5820412,-48.5437235,599,
2168842,-27.5826003,-48.5435917,600,
2168842,-27.5826003,-48.5435917,601,
2168842,-27.5830332,-48.5435048,602,
2168842,-27.5830332,-48.5435048,603,
2168842,-27.5831601,-48.5435772,604,
2168842,-27.5832254,-48.5436452,605,
2168842,-27.5839105,-48.5446204,606,
2168842,-27.5839105,-48.5446204,607,
2168842,-27.5839511,-48.5446751,608,
2168842,-27.5839511,-48.5446751,609,
2168842,-27.5840296,-48.5446168,610,
2168842,-27.5848482,-48.5439971,611,
2168842,-27.5849463,-48.5439265,612,
2168842,-27.5850368,-48.5438846,613,
2168842,-27.5851993,-48.5438201,614,
2168842,-27.5852921,-48.5437903,615,
2168842,-27.5856422,-48.5436778,616,
2168842,-27.5867909,-48.5432486,617,
2168842,-27.5869821,-48.5432029,618,
2168842,-27.5870753,-48.5431775,619,
2168842,-27.5872209,-48.5431343,620,
2168842,-27.5874071,-48.5431092,621,
2168842,-27.5882653,-48.5430885,622,
2168842,-27.5900139,-48.5430676,623,
2168842,-27.5900821,-48.5430763,624,
2168842,-27.5901483,-48.5430848,625,
2168842,-27.5906174,-48.5431371,626,
2168842,-27.5913401,-48.5431971,627,
2168842,-27.5919161,-48.5432432,628,
2168842,-27.5919835,-48.5432472,629,
2168842,-27.5920445,-48.5432518,630,
2168842,-27.5921406,-48.5432608,631,
2168842,-27.5922333,-48.5432688,632,
2168842,-27.5923839,-48.5432827,633,
2168842,-27.5929569,-48.5433355,634,
2168842,-27.5930363,-48.5433428,635,
2168842,-27.5930363,-48.5433428,636,
2168842,-27.5931057,-48.5433491,637,
2168842,-27.5940648,-48.5434363,638,
2168842,-27.5942422,-48.5434536,639,
2168842,-27.5952716,-48.5435446,640,
2168842,-27.5952716,-48.5435446,641,
2168842,-27.5955161,-48.5435662,642,
2168842,-27.5955693,-48.5435871,643,
2168842,-27.5963313,-48.5438866,644,
2168842,-27.5964922,-48.543961,645,
2168842,-27.5967378,-48.5440601,646,
2168842,-27.5978431,-48.5445879,647,
2168842,-27.5981748,-48.5447403,648,
2168842,-27.5982639,-48.5447813,649,
2168842,-27.5985367,-48.5448886,650,
2168842,-27.5986397,-48.5449318,651,
2168842,-27.5986397,-48.5449318,652,
2168842,-27.598711,-48.5449576,653,
2168842,-27.5991859,-48.5451268,654,
2168842,-27.5998159,-48.5454483,655,
2168842,-27.6009896,-48.5460039,656,
2168842,-27.6009896,-48.5460039,657,
2168842,-27.6011027,-48.5460408,658,
2168842,-27.601191,-48.5460551,659,
2168842,-27.6013343,-48.5460861,660,
2168842,-27.6014222,-48.5460998,661,
2168842,-27.6015302,-48.5461167,662,
2168842,-27.6016188,-48.5461258,663,
2168842,-27.6017509,-48.546138,664,
2168842,-27.6020525,-48.5461801,665,
2168842,-27.603052,-48.5461969,666,
2168842,-27.6032573,-48.5462055,667,
2168842,-27.6034475,-48.5462313,668,
2168842,-27.6035768,-48.5462656,669,
2168842,-27.6037701,-48.546323,670,
2168842,-27.6046992,-48.5472725,671,
2168842,-27.6047206,-48.547116,672,
2168842,-27.6047212,-48.5470112,673,
2168842,-27.6046967,-48.5468967,674,
2168842,-27.6046539,-48.5467887,675,
2168842,-27.6039247,-48.5482547,676,
2168842,-27.604,-48.5481712,677,
2168842,-27.6042315,-48.5479208,678,
2168842,-27.6044012,-48.5477373,679,
2168842,-27.6045011,-48.5476252,680,
2168842,-27.6045766,-48.5475201,681,
2168842,-27.6046992,-48.5472725,682,
2168842,-27.6008598,-48.5517909,683,
2168842,-27.6016099,-48.5508131,684,
2168842,-27.6019137,-48.550485,685,
2168842,-27.6019929,-48.5503918,686,
2168842,-27.6020679,-48.5503007,687,
2168842,-27.6022355,-48.550107,688,
2168842,-27.6023754,-48.5499525,689,
2168842,-27.602529,-48.5497802,690,
2168842,-27.6039247,-48.5482547,691,
2168842,-27.6001065,-48.5523369,692,
2168842,-27.6002121,-48.5522788,693,
2168842,-27.6002888,-48.5522367,694,
2168842,-27.6003605,-48.5522106,695,
2168842,-27.6004638,-48.5521561,696,
2168842,-27.6005943,-48.5520762,697,
2168842,-27.6008598,-48.5517909,698,
2168842,-27.5992202,-48.5531924,699,
2168842,-27.5993272,-48.5530921,700,
2168842,-27.5999902,-48.5524269,701,
2168842,-27.6000464,-48.5523854,702,
2168842,-27.6001065,-48.5523369,703,
2168842,-27.5984927,-48.5535576,704,
2168842,-27.5992202,-48.5531924,705,
2521697,-27.5984927,-48.5535576,0,
2521697,-27.597877,-48.5538667,1,
2521697,-27.597877,-48.5538667,2,
2521697,-27.5977868,-48.5538459,3,
2521697,-27.597722,-48.5538299,4,
2521697,-27.5976678,-48.5538557,5,
2521697,-27.5976413,-48.5539181,6,
2521697,-27.597657,-48.5539906,7,
2521697,-27.5977091,-48.5540278,8,
2521697,-27.5977759,-48.5540262,9,
2521697,-27.5992462,-48.5532717,10,
2521697,-27.5993185,-48.5532885,11,
2521697,-27.5993185,-48.5532885,12,
2521697,-27.5994301,-48.5532792,13,
2521697,-27.5995522,-48.5532517,14,
2521697,-27.5997251,-48.5532026,15,
2521697,-27.5997251,-48.5532026,16,
2521697,-27.5999742,-48.5529141,17,
2521697,-27.6001145,-48.5527266,18,
2521697,-27.6001851,-48.5525363,19,
2521697,-27.6002143,-48.5523583,20,
2521697,-27.6002121,-48.5522788,21,
2521697,-27.6002095,-48.5521824,22,
2521697,-27.6001994,-48.552087,23,
2521697,-27.6001994,-48.552087,24,
2521697,-27.6001801,-48.5520153,25,
2521697,-27.6001209,-48.5518463,26,
2521697,-27.6000303,-48.5517027,27,
2521697,-27.5999276,-48.5515849,28,
2521697,-27.5996838,-48.5513434,29,
2521697,-27.5996042,-48.5512415,30,
2521697,-27.5995556,-48.5511359,31,
2521697,-27.5995459,-48.5509999,32,
2521697,-27.5995477,-48.5509035,33,
2521697,-27.599577,-48.5508016,34,
2521697,-27.5997008,-48.5506207,35,
2521697,-27.5997008,-48.5506207,36,
2521697,-27.6002106,-48.5501111,37,
2521697,-27.6002106,-48.5501111,38,
2521697,-27.6003793,-48.5499206,39,
2521697,-27.6004518,-48.5497861,40,
2521697,-27.6005403,-48.5496047,41,
2521697,-27.600715,-48.5493004,42,
2521697,-27.6008841,-48.5491255,43,
2521697,-27.6009394,-48.5490744,44,
2521697,-27.601032,-48.5489791,45,
2521697,-27.601032,-48.5489791,46,
2521697,-27.6015202,-48.5484697,47,
2521697,-27.6015912,-48.5483956,48,
2521697,-27.602622,-48.547536,49,
2521697,-27.6027046,-48.5474569,50,
2521697,-27.6027046,-48.5474569,51,
2521697,-27.6027917,-48.5473609,52,
2521697,-27.6032527,-48.5468711,53,
2521697,-27.6036871,-48.5464095,54,
2521697,-27.6037701,-48.546323,55,
2521697,-27.6037701,-48.546323,56,
2521697,-27.6036408,-48.546182,57,
2521697,-27.6036408,-48.546182,58,
2521697,-27.6035102,-48.5461453,59,
2521697,-27.6033561,-48.5461075,60,
2521697,-27.6027995,-48.5460974,61,
2521697,-27.6017263,-48.5459896,62,
2521697,-27.6015258,-48.5459738,63,
2521697,-27.601405,-48.5459687,64,
2521697,-27.6012868,-48.5459638,65,
2521697,-27.6011108,-48.5459428,66,
2521697,-27.6010491,-48.5459244,67,
2521697,-27.6010491,-48.5459244,68,
2521697,-27.6009995,-48.5459027,69,
2521697,-27.6006658,-48.5457567,70,
2521697,-27.6002902,-48.5455826,71,
2521697,-27.5998493,-48.5453783,72,
2521697,-27.5997387,-48.5453218,73,
2521697,-27.5992129,-48.5450563,74,
2521697,-27.5987338,-48.5448755,75,
2521697,-27.5986646,-48.5448449,76,
2521697,-27.5986646,-48.5448449,77,
2521697,-27.59856,-48.5448005,78,
2521697,-27.5982426,-48.5446652,79,
2521697,-27.598151,-48.5446237,80,
2521697,-27.5965321,-48.5438913,81,
2521697,-27.5964589,-48.5438548,82,
2521697,-27.5963643,-48.5438094,83,
2521697,-27.5962,-48.5437348,84,
2521697,-27.5955974,-48.5434633,85,
2521697,-27.595487,-48.5434272,86,
2521697,-27.5953716,-48.5434001,87,
2521697,-27.5953716,-48.5434001,88,
2521697,-27.5949608,-48.5434289,89,
2521697,-27.5942441,-48.5433711,90,
2521697,-27.594067,-48.5433608,91,
2521697,-27.5931064,-48.5432675,92,
2521697,-27.5930392,-48.543261,93,
2521697,-27.5930392,-48.543261,94,
2521697,-27.5929535,-48.5432546,95,
2521697,-27.5926403,-48.5432311,96,
2521697,-27.5920439,-48.5431787,97,
2521697,-27.5919841,-48.5431726,98,
2521697,-27.5919841,-48.5431726,99,
2521697,-27.5919148,-48.5431652,100,
2521697,-27.5913401,-48.5431199,101,
2521697,-27.5906792,-48.5430644,102,
2521697,-27.590625,-48.5430598,103,
2521697,-27.5904458,-48.5430399,104,
2521697,-27.5901506,-48.543007,105,
2521697,-27.5900224,-48.542994,106,
2521697,-27.5892005,-48.5429985,107,
2521697,-27.5883548,-48.5429971,108,
2521697,-27.5882644,-48.5430028,109,
2521697,-27.5873995,-48.5430169,110,
2521697,-27.5871985,-48.5430471,111,
2521697,-27.5869978,-48.5431005,112,
2521697,-27.5869129,-48.5431236,113,
2521697,-27.5867377,-48.5431714,114,
2521697,-27.5855966,-48.5436005,115,
2521697,-27.5852716,-48.543718,116,
2521697,-27.5848974,-48.5438628,117,
2521697,-27.5848029,-48.5439244,118,
2521697,-27.5839866,-48.5445611,119,
2521697,-27.5839105,-48.5446204,120,
2521697,-27.5839105,-48.5446204,121,
2521697,-27.5838396,-48.5446719,122,
2521697,-27.5836585,-48.5448083,123,
2521697,-27.5836585,-48.5448083,124,
2521697,-27.5834174,-48.5448738,125,
2521697,-27.5831802,-48.5448351,126,
2521697,-27.5831802,-48.5448351,127,
2521697,-27.583031,-48.5448187,128,
2521697,-27.5827502,-48.5447696,129,
2521697,-27.5827502,-48.5447696,130,
2521697,-27.5826035,-48.5447052,131,
2521697,-27.5826035,-48.5447052,132,
2521697,-27.5824108,-48.5445742,133,
2521697,-27.5822358,-48.5444933,134,
2521697,-27.5819781,-48.5444052,135,
2521697,-27.5815932,-48.5442797,136,
2521697,-27.5815932,-48.5442797,137,
2521697,-27.5809381,-48.5441383,138,
2521697,-27.5805995,-48.5440742,139,
2521697,-27.5805995,-48.5440742,140,
2521697,-27.5798351,-48.5439361,141,
2521697,-27.5790306,-48.5437882,142,
2521697,-27.5790306,-48.5437882,143,
2521697,-27.5784367,-48.54365,144,
2521697,-27.5779622,-48.5435477,145,
2521697,-27.5774359,-48.5434171,146,
2521697,-27.5770014,-48.54327,147,
2521697,-27.5767393,-48.5431321,148,
2521697,-27.5763857,-48.5429018,149,
2521697,-27.5758933,-48.5425631,150,
2521697,-27.5758262,-48.5425027,151,
2521697,-27.5758262,-48.5425027,152,
2521697,-27.5757101,-48.5423979,153,
2521697,-27.5753731,-48.5420078,154,
2521697,-27.5751547,-48.5417287,155,
2521697,-27.5749585,-48.5414391,156,
2521697,-27.5747724,-48.5411603,157,
2521697,-27.5746428,-48.5409628,158,
2521697,-27.5744762,-48.5406282,159,
2521697,-27.5743769,-48.5404283,160,
2521697,-27.5741991,-48.5400546,161,
2521697,-27.5741476,-48.5399635,162,
2521697,-27.5739196,-48.5396014,163,
2521697,-27.5736648,-48.5391832,164,
2521697,-27.5735857,-48.5390465,165,
2521697,-27.573504,-48.5389044,166,
2521697,-27.5734108,-48.5387411,167,
2521697,-27.5733103,-48.5385704,168,
2521697,-27.5733103,-48.5385704,169,
2521697,-27.5729786,-48.5377502,170,
2521697,-27.5726741,-48.5370769,171,
2521697,-27.5726251,-48.5369169,172,
2521697,-27.5725991,-48.5367388,173,
2521697,-27.5726002,-48.5365522,174,
2521697,-27.5726361,-48.5363781,175,
2521697,-27.5726936,-48.5362312,176,
2521697,-27.5727952,-48.5360891,177,
2521697,-27.5729109,-48.5359733,178,
2521697,-27.5730423,-48.5358787,179,
2521697,-27.5731792,-48.5358032,180,
2521697,-27.5736295,-48.5356072,181,
2521697,-27.5736295,-48.5356072,182,
2521697,-27.5738415,-48.5354519,183,
2521697,-27.5739355,-48.5353735,184,
2521697,-27.5740214,-48.5352551,185,
2521697,-27.5741067,-48.5351415,186,
2521697,-27.5741067,-48.5351415,187,
2521697,-27.5740725,-48.5349708,188,
2521697,-27.5740495,-48.5348289,189,
2521697,-27.5740477,-48.5346856,190,
2521697,-27.5740471,-48.5346536,191,
2521697,-27.5740453,-48.5345514,192,
2521697,-27.5740667,-48.5344227,193,
2521697,-27.5741095,-48.5342457,194,
2521697,-27.5741554,-48.5341275,195,
2521697,-27.5741554,-48.5341275,196,
2521697,-27.574202,-48.5340075,197,
2521697,-27.5749243,-48.5322355,198,
2521697,-27.574963,-48.5321405,199,
2521697,-27.5752924,-48.5313304,200,
2521697,-27.5752924,-48.5313304,201,
2521697,-27.5756609,-48.5304569,202,
2521697,-27.57582,-48.5302855,203,
2521697,-27.5760369,-48.5301389,204,
2521697,-27.576265,-48.530035,205,
2521697,-27.576569,-48.5297534,206,
2521697,-27.5766381,-48.5296894,207,
2521697,-27.5766645,-48.5296497,208,
2521697,-27.5769121,-48.5292771,209,
2521697,-27.5769881,-48.529094,210,
2521697,-27.5770097,-48.5290469,211,
2521697,-27.5770243,-48.5290119,212,
2521697,-27.5770605,-48.5289197,213,
2521697,-27.5771064,-48.5286111,214,
2521697,-27.5770973,-48.5283259,215,
2521697,-27.5770868,-48.5282026,216,
2521697,-27.5770166,-48.5279035,217,
2521697,-27.5770063,-48.5278315,218,
2521697,-27.5769823,-48.5276949,219,
2521697,-27.5769786,-48.5275682,220,
2521697,-27.5770013,-48.5274533,221,
2521697,-27.5770756,-48.5273622,222,
2521697,-27.5771568,-48.5272709,223,
2521697,-27.5773933,-48.5270482,224,
2521697,-27.5777445,-48.5267694,225,
2521697,-27.5778155,-48.5267201,226,
2521697,-27.5779128,-48.5266524,227,
2521697,-27.5786137,-48.5261458,228,
2521697,-27.5786943,-48.5260963,229,
2521697,-27.5787883,-48.5260527,230,
2521697,-27.5788816,-48.5260275,231,
2521697,-27.5788816,-48.5260275,232,
2521697,-27.5791397,-48.5260486,233,
2521697,-27.5793204,-48.5260723,234,
2521697,-27.5793204,-48.5260723,235,
2521697,-27.5794464,-48.5261099,236,
2521697,-27.5794464,-48.5261099,237,
2521697,-27.5795215,-48.526074,238,
2521697,-27.579555,-48.5260391,239,
2521697,-27.5795799,-48.5259875,240,
2521697,-27.5795941,-48.5259129,241,
2521697,-27.5795941,-48.5259129,242,
2521697,-27.5795581,-48.525726,243,
2521697,-27.5795135,-48.525519,244,
2521697,-27.5794459,-48.5251577,245,
2521697,-27.5794314,-48.5250481,246,
2521697,-27.5794367,-48.5249453,247,
2521697,-27.5794491,-48.5248349,248,
2521697,-27.5794491,-48.5248349,249,
2521697,-27.5796476,-48.5245398,250,
2521697,-27.5798491,-48.524299,251,
2521697,-27.5798491,-48.524299,252,
2521697,-27.5802663,-48.5239648,253,
2521697,-27.5804261,-48.5238715,254,
2521697,-27.5812734,-48.5235617,255,
2521697,-27.5818372,-48.5233508,256,
2521697,-27.5828545,-48.5229702,257,
2521697,-27.5828545,-48.5229702,258,
2521697,-27.5830092,-48.5230791,259,
2521697,-27.5830092,-48.5230791,260,
2521697,-27.5830377,-48.5230201,261,
2521697,-27.583088,-48.5229766,262,
2521697,-27.583088,-48.5229766,263,
2521697,-27.5831208,-48.5229745,264,
2521697,-27.5831779,-48.5229772,265,
2521697,-27.5832165,-48.5229995,266,
2521697,-27.5832498,-48.5230183,267,
2521697,-27.5839946,-48.5227213,268,
2521698,-27.5839946,-48.5227213,0,
2521698,-27.584596,-48.5224838,1,
2521698,-27.5846209,-48.5223925,2,
2521698,-27.5846613,-48.5223362,3,
2521698,-27.5847065,-48.522312,4,
2521698,-27.5847065,-48.522312,5,
2521698,-27.5847928,-48.5223306,6,
2521698,-27.5848474,-48.5223387,7,
2521698,-27.5848902,-48.5223628,8,
2521698,-27.5849116,-48.5224084,9,
2521698,-27.5849283,-48.522462,10,
2521698,-27.5849425,-48.5225291,11,
2521698,-27.5849544,-48.5225693,12,
2521698,-27.5849599,-48.5226293,13,
2521698,-27.5848722,-48.5227278,14,
2521698,-27.584841,-48.5227628,15,
2521698,-27.584841,-48.5227628,16,
2521698,-27.5847618,-48.5227366,17,
2521698,-27.5847618,-48.5227366,18,
2521698,-27.584719,-48.5227152,19,
2521698,-27.5846405,-48.5226991,20,
2521698,-27.5845865,-48.5227188,21,
2521698,-27.5845291,-48.5227376,22,
2521698,-27.5839538,-48.5229827,23,
2521698,-27.5839538,-48.5229827,24,
2521698,-27.5833552,-48.5232217,25,
2521698,-27.5833341,-48.5232419,26,
2521698,-27.583314,-48.5232784,27,
2521698,-27.5832539,-48.5233822,28,
2521698,-27.5832539,-48.5233822,29,
2521698,-27.5832344,-48.5234369,30,
2521698,-27.5831826,-48.5235683,31,
2521698,-27.5831826,-48.5235683,32,
2521698,-27.5831341,-48.5235899,33,
2521698,-27.5830795,-48.5236142,34,
2521698,-27.5827345,-48.5237495,35,
2521698,-27.582661,-48.5238069,36,
2521698,-27.5826116,-48.5239049,37,
2521698,-27.5826208,-48.5240167,38,
2521698,-27.5826208,-48.5240167,39,
2521698,-27.582703,-48.5240944,40,
2521698,-27.582847,-48.5242126,41,
2521698,-27.5839799,-48.5252453,42,
2521698,-27.5840086,-48.5252719,43,
2521698,-27.5840086,-48.5252719,44,
2521698,-27.5837635,-48.525462,45,
2521698,-27.5836639,-48.5256037,46,
2521698,-27.5835803,-48.5256738,47,
2521698,-27.5832405,-48.5258848,48,
2521698,-27.5829347,-48.526046,49,
2521698,-27.5828827,-48.5260661,50,
2521698,-27.5828383,-48.5260832,51,
2521698,-27.5826802,-48.5261559,52,
2521698,-27.5826005,-48.5261925,53,
2521698,-27.5821584,-48.5263594,54,
2521698,-27.5821584,-48.5263594,55,
2521698,-27.5820438,-48.5264071,56,
2521698,-27.5819404,-48.5264465,57,
2521698,-27.5811542,-48.5266983,58,
2521698,-27.5808096,-48.5266213,59,
2521698,-27.5804677,-48.526484,60,
2521698,-27.5804168,-48.5264635,61,
2521698,-27.5797954,-48.5262346,62,
2521698,-27.5797954,-48.5262346,63,
2521698,-27.5797181,-48.5261608,64,
2521698,-27.5796503,-48.5260576,65,
2521698,-27.5795941,-48.5259129,66,
2521698,-27.5795941,-48.5259129,67,
2521698,-27.5795568,-48.5258683,68,
2521698,-27.5795177,-48.5258364,69,
2521698,-27.5794626,-48.5258168,70,
2521698,-27.5794141,-48.5258048,71,
2521698,-27.579369,-48.5258068,72,
2521698,-27.5792884,-48.5258329,73,
2521698,-27.5792884,-48.5258329,74,
2521698,-27.5792054,-48.5258881,75,
2521698,-27.5790925,-48.5259437,76,
2521698,-27.5788816,-48.5260275,77,
2521698,-27.5788816,-48.5260275,78,
2521698,-27.5787883,-48.5260527,79,
2521698,-27.5786943,-48.5260963,80,
2521698,-27.5786137,-48.5261458,81,
2521698,-27.5779128,-48.5266524,82,
2521698,-27.5778155,-48.5267201,83,
2521698,-27.5777445,-48.5267694,84,
2521698,-27.5773933,-48.5270482,85,
2521698,-27.5771568,-48.5272709,86,
2521698,-27.5770756,-48.5273622,87,
2521698,-27.5770013,-48.5274533,88,
2521698,-27.5769786,-48.5275682,89,
2521698,-27.5769823,-48.5276949,90,
2521698,-27.5770063,-48.5278315,91,
2521698,-27.5770166,-48.5279035,92,
2521698,-27.5770868,-48.5282026,93,
2521698,-27.5770973,-48.5283259,94,
2521698,-27.5771064,-48.5286111,95,
2521698,-27.5770605,-48.5289197,96,
2521698,-27.5770243,-48.5290119,97,
2521698,-27.5770097,-48.5290469,98,
2521698,-27.5769881,-48.529094,99,
2521698,-27.5769121,-48.5292771,100,
2521698,-27.5766645,-48.5296497,101,
2521698,-27.5766381,-48.5296894,102,
2521698,-27.576569,-48.5297534,103,
2521698,-27.576265,-48.530035,104,
2521698,-27.5760369,-48.5301389,105,
2521698,-27.57582,-48.5302855,106,
2521698,-27.5756609,-48.5304569,107,
2521698,-27.5752924,-48.5313304,108,
2521698,-27.5752924,-48.5313304,109,
2521698,-27.5749605,-48.5319114,110,
2521698,-27.574883,-48.5320995,111,
2521698,-27.574841,-48.5322016,112,
2521698,-27.5740816,-48.534046,113,
2521698,-27.5740613,-48.5341008,114,
2521698,-27.5740613,-48.5341008,115,
2521698,-27.5739855,-48.5343052,116,
2521698,-27.5739496,-48.5344955,117,
2521698,-27.5739407,-48.5347561,118,
2521698,-27.5739498,-48.5350151,119,
2521698,-27.5740214,-48.5352551,120,
2521698,-27.5740214,-48.5352551,121,
2521698,-27.5740471,-48.5353216,122,
2521698,-27.5740923,-48.535402,123,
2521698,-27.5742038,-48.5355782,124,
2521698,-27.5742038,-48.5355782,125,
2521698,-27.5742823,-48.5357949,126,
2521698,-27.5744107,-48.5361495,127,
2521698,-27.574852,-48.5370058,128,
2521698,-27.574879,-48.5370591,129,
2521698,-27.5749345,-48.5371686,130,
2521698,-27.5750794,-48.5374398,131,
2521698,-27.5752242,-48.5377108,132,
2521698,-27.5753151,-48.5379949,133,
2521698,-27.5753365,-48.5381691,134,
2521698,-27.5753318,-48.5382551,135,
2521698,-27.575309,-48.5383821,136,
2521698,-27.575244,-48.5386221,137,
2521698,-27.5751856,-48.5387982,138,
2521698,-27.5751283,-48.5389774,139,
2521698,-27.5751145,-48.5391061,140,
2521698,-27.5751133,-48.5392664,141,
2521698,-27.5751292,-48.5394032,142,
2521698,-27.5751829,-48.5395738,143,
2521698,-27.5752367,-48.5397206,144,
2521698,-27.57539,-48.540139,145,
2521698,-27.5754264,-48.5402383,146,
2521698,-27.5754673,-48.5403428,147,
2521698,-27.5756743,-48.5409056,148,
2521698,-27.5756991,-48.540988,149,
2521698,-27.5758633,-48.5414651,150,
2521698,-27.5759466,-48.5416537,151,
2521698,-27.5760099,-48.5417788,152,
2521698,-27.5760625,-48.5418825,153,
2521698,-27.5761412,-48.5420049,154,
2521698,-27.5761412,-48.5420049,155,
2521698,-27.5764482,-48.5423136,156,
2521698,-27.5765105,-48.5423376,157,
2521698,-27.5768531,-48.5424693,158,
2521698,-27.5770857,-48.5425475,159,
2521698,-27.577364,-48.5426248,160,
2521698,-27.5776283,-48.5426912,161,
2521698,-27.5785472,-48.5429245,162,
2521698,-27.5790179,-48.543044,163,
2521698,-27.5793286,-48.5431229,164,
2521698,-27.579642,-48.5432025,165,
2521698,-27.57971,-48.5432177,166,
2521698,-27.5799399,-48.5432692,167,
2521698,-27.5802537,-48.5433435,168,
2521698,-27.5808323,-48.5434471,169,
2521698,-27.5816221,-48.543628,170,
2521698,-27.5820412,-48.5437235,171,
2521698,-27.5826003,-48.5435917,172,
2521698,-27.5826003,-48.5435917,173,
2521698,-27.5830332,-48.5435048,174,
2521698,-27.5830332,-48.5435048,175,
2521698,-27.5831601,-48.5435772,176,
2521698,-27.5832254,-48.5436452,177,
2521698,-27.5839105,-48.5446204,178,
2521698,-27.5839105,-48.5446204,179,
2521698,-27.5839511,-48.5446751,180,
2521698,-27.5839511,-48.5446751,181,
2521698,-27.5840296,-48.5446168,182,
2521698,-27.5848482,-48.5439971,183,
2521698,-27.5849463,-48.5439265,184,
2521698,-27.5850368,-48.5438846,185,
2521698,-27.5851993,-48.5438201,186,
2521698,-27.5852921,-48.5437903,187,
2521698,-27.5856422,-48.5436778,188,
2521698,-27.5867909,-48.5432486,189,
2521698,-27.5869821,-48.5432029,190,
2521698,-27.5870753,-48.5431775,191,
2521698,-27.5872209,-48.5431343,192,
2521698,-27.5874071,-48.5431092,193,
2521698,-27.5882653,-48.5430885,194,
2521698,-27.5900139,-48.5430676,195,
2521698,-27.5900821,-48.5430763,196,
2521698,-27.5901483,-48.5430848,197,
2521698,-27.5906174,-48.5431371,198,
2521698,-27.5913401,-48.5431971,199,
2521698,-27.5919161,-48.5432432,200,
2521698,-27.5919835,-48.5432472,201,
2521698,-27.5920445,-48.5432518,202,
2521698,-27.5921406,-48.5432608,203,
2521698,-27.5922333,-48.5432688,204,
2521698,-27.5923839,-48.5432827,205,
2521698,-27.5929569,-48.5433355,206,
2521698,-27.5930363,-48.5433428,207,
2521698,-27.5930363,-48.5433428,208,
2521698,-27.5931057,-48.5433491,209,
2521698,-27.5940648,-48.5434363,210,
2521698,-27.5942422,-48.5434536,211,
2521698,-27.5952716,-48.5435446,212,
2521698,-27.5952716,-48.5435446,213,
2521698,-27.5955161,-48.5435662,214,
2521698,-27.5955693,-48.5435871,215,
2521698,-27.5963313,-48.5438866,216,
2521698,-27.5964922,-48.543961,217,
2521698,-27.5967378,-48.5440601,218,
2521698,-27.5978431,-48.5445879,219,
2521698,-27.5981748,-48.5447403,220,
2521698,-27.5982639,-48.5447813,221,
2521698,-27.5985367,-48.5448886,222,
2521698,-27.5986397,-48.5449318,223,
2521698,-27.5986397,-48.5449318,224,
2521698,-27.598711,-48.5449576,225,
2521698,-27.5991859,-48.5451268,226,
2521698,-27.5998159,-48.5454483,227,
2521698,-27.6009896,-48.5460039,228,
2521698,-27.6009896,-48.5460039,229,
2521698,-27.6011027,-48.5460408,230,
2521698,-27.601191,-48.5460551,231,
2521698,-27.6013343,-48.5460861,232,
2521698,-27.6014222,-48.5460998,233,
2521698,-27.6015302,-48.5461167,234,
2521698,-27.6016188,-48.5461258,235,
2521698,-27.6017509,-48.546138,236,
2521698,-27.6020525,-48.5461801,237,
2521698,-27.603052,-48.5461969,238,
2521698,-27.6032573,-48.5462055,239,
2521698,-27.6034475,-48.5462313,240,
2521698,-27.6035768,-48.5462656,241,
2521698,-27.6037701,-48.546323,242,
2521698,-27.6037701,-48.546323,243,
2521698,-27.6038135,-48.5463385,244,
2521698,-27.6039169,-48.5463882,245,
2521698,-27.6043709,-48.5466385,246,
2521698,-27.6046539,-48.5467887,247,
2521698,-27.6046539,-48.5467887,248,
2521698,-27.6046967,-48.5468967,249,
2521698,-27.6047212,-48.5470112,250,
2521698,-27.6047206,-48.547116,251,
2521698,-27.6046992,-48.5472725,252,
2521698,-27.6046992,-48.5472725,253,
2521698,-27.6045766,-48.5475201,254,
2521698,-27.6045011,-48.5476252,255,
2521698,-27.6044012,-48.5477373,256,
2521698,-27.6042315,-48.5479208,257,
2521698,-27.604,-48.5481712,258,
2521698,-27.6039247,-48.5482547,259,
2521698,-27.6039247,-48.5482547,260,
2521698,-27.602529,-48.5497802,261,
2521698,-27.6023754,-48.5499525,262,
2521698,-27.6022355,-48.550107,263,
2521698,-27.6020679,-48.5503007,264,
2521698,-27.6019929,-48.5503918,265,
2521698,-27.6019137,-48.550485,266,
2521698,-27.6016099,-48.5508131,267,
2521698,-27.6008598,-48.5517909,268,
2521698,-27.6008598,-48.5517909,269,
2521698,-27.6005943,-48.5520762,270,
2521698,-27.6004638,-48.5521561,271,
2521698,-27.6003605,-48.5522106,272,
2521698,-27.6002888,-48.5522367,273,
2521698,-27.6002121,-48.5522788,274,
2521698,-27.6001065,-48.5523369,275,
2521698,-27.6001065,-48.5523369,276,
2521698,-27.6000464,-48.5523854,277,
2521698,-27.5999902,-48.5524269,278,
2521698,-27.5993272,-48.5530921,279,
2521698,-27.5992202,-48.5531924,280,
2521698,-27.5992202,-48.5531924,281,
2521698,-27.5984927,-48.5535576,282,
