trip_id,arrival_time,departure_time,stop_id,stop_sequence,stop_headsign,pickup_type,drop_off_type,shape_dist_traveled,timepoint
44588,05:18:00,05:18:00,72944878,0,,,,,
44588,,,2177867806,1,,,,,
44588,,,872980957,2,,,,,
44588,,,1639803069,3,,,,,
44588,,,1457087092,4,,,,,
44588,,,1457087104,5,,,,,
44588,,,1457087089,6,,,,,
44588,,,1457087094,7,,,,,
44588,,,1457087114,8,,,,,
44588,,,1649117787,9,,,,,
44588,,,1459256369,10,,,,,
44588,,,1457087074,11,,,,,
44588,,,1457087122,12,,,,,
44588,,,1459256372,13,,,,,
44588,,,1457087066,14,,,,,
44588,,,1459256365,15,,,,,
44588,,,1457087118,16,,,,,
44588,,,1450589838,17,,,,,
44588,,,1473023940,18,,,,,
44588,,,1432752479,19,,,,,
44588,05:43:00,05:43:00,43719878,20,,,,,
44589,05:52:00,05:52:00,72944878,0,,,,,
44589,,,2177867806,1,,,,,
44589,,,872980957,2,,,,,
44589,,,1639803069,3,,,,,
44589,,,1457087092,4,,,,,
44589,,,1457087104,5,,,,,
44589,,,1457087089,6,,,,,
44589,,,1457087094,7,,,,,
44589,,,1457087114,8,,,,,
44589,,,1649117787,9,,,,,
44589,,,1459256369,10,,,,,
44589,,,1457087074,11,,,,,
44589,,,1457087122,12,,,,,
44589,,,1459256372,13,,,,,
44589,,,1457087066,14,,,,,
44589,,,1459256365,15,,,,,
44589,,,1457087118,16,,,,,
44589,,,1450589838,17,,,,,
44589,,,1473023940,18,,,,,
44589,,,1432752479,19,,,,,
44589,06:17:00,06:17:00,43719878,20,,,,,
44590,06:08:00,06:08:00,72944878,0,,,,,
44590,,,2177867806,1,,,,,
44590,,,872980957,2,,,,,
44590,,,1639803069,3,,,,,
44590,,,1457087092,4,,,,,
44590,,,1457087104,5,,,,,
44590,,,1457087089,6,,,,,
44590,,,1457087094,7,,,,,
44590,,,1457087114,8,,,,,
44590,,,1649117787,9,,,,,
44590,,,1459256369,10,,,,,
44590,,,1457087074,11,,,,,
44590,,,1457087122,12,,,,,
44590,,,1459256372,13,,,,,
44590,,,1457087066,14,,,,,
44590,,,1459256365,15,,,,,
44590,,,1457087118,16,,,,,
44590,,,1450589838,17,,,,,
44590,,,1473023940,18,,,,,
44590,,,1432752479,19,,,,,
44590,06:33:00,06:33:00,43719878,20,,,,,
44591,06:26:00,06:26:00,72944878,0,,,,,
44591,,,2177867806,1,,,,,
44591,,,872980957,2,,,,,
44591,,,1639803069,3,,,,,
44591,,,1457087092,4,,,,,
44591,,,1457087104,5,,,,,
44591,,,1457087089,6,,,,,
44591,,,1457087094,7,,,,,
44591,,,1457087114,8,,,,,
44591,,,1649117787,9,,,,,
44591,,,1459256369,10,,,,,
44591,,,1457087074,11,,,,,
44591,,,1457087122,12,,,,,
44591,,,1459256372,13,,,,,
44591,,,1457087066,14,,,,,
44591,,,1459256365,15,,,,,
44591,,,1457087118,16,,,,,
44591,,,1450589838,17,,,,,
44591,,,1473023940,18,,,,,
44591,,,1432752479,19,,,,,
44591,06:51:00,06:51:00,43719878,20,,,,,
44592,06:45:00,06:45:00,72944878,0,,,,,
44592,,,2177867806,1,,,,,
44592,,,872980957,2,,,,,
44592,,,1639803069,3,,,,,
44592,,,1457087092,4,,,,,
44592,,,1457087104,5,,,,,
44592,,,1457087089,6,,,,,
44592,,,1457087094,7,,,,,
44592,,,1457087114,8,,,,,
44592,,,1649117787,9,,,,,
44592,,,1459256369,10,,,,,
44592,,,1457087074,11,,,,,
44592,,,1457087122,12,,,,,
44592,,,1459256372,13,,,,,
44592,,,1457087066,14,,,,,
44592,,,1459256365,15,,,,,
44592,,,1457087118,16,,,,,
44592,,,1450589838,17,,,,,
44592,,,1473023940,18,,,,,
44592,,,1432752479,19,,,,,
44592,07:10:00,07:10:00,43719878,20,,,,,
44593,07:01:00,07:01:00,72944878,0,,,,,
44593,,,2177867806,1,,,,,
44593,,,872980957,2,,,,,
44593,,,1639803069,3,,,,,
44593,,,1457087092,4,,,,,
44593,,,1457087104,5,,,,,
44593,,,1457087089,6,,,,,
44593,,,1457087094,7,,,,,
44593,,,1457087114,8,,,,,
44593,,,1649117787,9,,,,,
44593,,,1459256369,10,,,,,
44593,,,1457087074,11,,,,,
44593,,,1457087122,12,,,,,
44593,,,1459256372,13,,,,,
44593,,,1457087066,14,,,,,
44593,,,1459256365,15,,,,,
44593,,,1457087118,16,,,,,
44593,,,1450589838,17,,,,,
44593,,,1473023940,18,,,,,
44593,,,1432752479,19,,,,,
44593,07:26:00,07:26:00,43719878,20,,,,,
44594,07:20:00,07:20:00,72944878,0,,,,,
44594,,,2177867806,1,,,,,
44594,,,872980957,2,,,,,
44594,,,1639803069,3,,,,,
44594,,,1457087092,4,,,,,
44594,,,1457087104,5,,,,,
44594,,,1457087089,6,,,,,
44594,,,1457087094,7,,,,,
44594,,,1457087114,8,,,,,
44594,,,1649117787,9,,,,,
44594,,,1459256369,10,,,,,
44594,,,1457087074,11,,,,,
44594,,,1457087122,12,,,,,
44594,,,1459256372,13,,,,,
44594,,,1457087066,14,,,,,
44594,,,1459256365,15,,,,,
44594,,,1457087118,16,,,,,
44594,,,1450589838,17,,,,,
44594,,,1473023940,18,,,,,
44594,,,1432752479,19,,,,,
44594,07:45:00,07:45:00,43719878,20,,,,,
44595,07:37:00,07:37:00,72944878,0,,,,,
44595,,,2177867806,1,,,,,
44595,,,872980957,2,,,,,
44595,,,1639803069,3,,,,,
44595,,,1457087092,4,,,,,
44595,,,1457087104,5,,,,,
44595,,,1457087089,6,,,,,
44595,,,1457087094,7,,,,,
44595,,,1457087114,8,,,,,
44595,,,1649117787,9,,,,,
44595,,,1459256369,10,,,,,
44595,,,1457087074,11,,,,,
44595,,,1457087122,12,,,,,
44595,,,1459256372,13,,,,,
44595,,,1457087066,14,,,,,
44595,,,1459256365,15,,,,,
44595,,,1457087118,16,,,,,
44595,,,1450589838,17,,,,,
44595,,,1473023940,18,,,,,
44595,,,1432752479,19,,,,,
44595,08:02:00,08:02:00,43719878,20,,,,,
44596,07:54:00,07:54:00,72944878,0,,,,,
44596,,,2177867806,1,,,,,
44596,,,872980957,2,,,,,
44596,,,1639803069,3,,,,,
44596,,,1457087092,4,,,,,
44596,,,1457087104,5,,,,,
44596,,,1457087089,6,,,,,
44596,,,1457087094,7,,,,,
44596,,,1457087114,8,,,,,
44596,,,1649117787,9,,,,,
44596,,,1459256369,10,,,,,
44596,,,1457087074,11,,,,,
44596,,,1457087122,12,,,,,
44596,,,1459256372,13,,,,,
44596,,,1457087066,14,,,,,
44596,,,1459256365,15,,,,,
44596,,,1457087118,16,,,,,
44596,,,1450589838,17,,,,,
44596,,,1473023940,18,,,,,
44596,,,1432752479,19,,,,,
44596,08:19:00,08:19:00,43719878,20,,,,,
44597,08:10:00,08:10:00,72944878,0,,,,,
44597,,,2177867806,1,,,,,
44597,,,872980957,2,,,,,
44597,,,1639803069,3,,,,,
44597,,,1457087092,4,,,,,
44597,,,1457087104,5,,,,,
44597,,,1457087089,6,,,,,
44597,,,1457087094,7,,,,,
44597,,,1457087114,8,,,,,
44597,,,1649117787,9,,,,,
44597,,,1459256369,10,,,,,
44597,,,1457087074,11,,,,,
44597,,,1457087122,12,,,,,
44597,,,1459256372,13,,,,,
44597,,,1457087066,14,,,,,
44597,,,1459256365,15,,,,,
44597,,,1457087118,16,,,,,
44597,,,1450589838,17,,,,,
44597,,,1473023940,18,,,,,
44597,,,1432752479,19,,,,,
44597,08:35:00,08:35:00,43719878,20,,,,,
44598,08:26:00,08:26:00,72944878,0,,,,,
44598,,,2177867806,1,,,,,
44598,,,872980957,2,,,,,
44598,,,1639803069,3,,,,,
44598,,,1457087092,4,,,,,
44598,,,1457087104,5,,,,,
44598,,,1457087089,6,,,,,
44598,,,1457087094,7,,,,,
44598,,,1457087114,8,,,,,
44598,,,1649117787,9,,,,,
44598,,,1459256369,10,,,,,
44598,,,1457087074,11,,,,,
44598,,,1457087122,12,,,,,
44598,,,1459256372,13,,,,,
44598,,,1457087066,14,,,,,
44598,,,1459256365,15,,,,,
44598,,,1457087118,16,,,,,
44598,,,1450589838,17,,,,,
44598,,,1473023940,18,,,,,
44598,,,1432752479,19,,,,,
44598,08:51:00,08:51:00,43719878,20,,,,,
44599,08:43:00,08:43:00,72944878,0,,,,,
44599,,,2177867806,1,,,,,
44599,,,872980957,2,,,,,
44599,,,1639803069,3,,,,,
44599,,,1457087092,4,,,,,
44599,,,1457087104,5,,,,,
44599,,,1457087089,6,,,,,
44599,,,1457087094,7,,,,,
44599,,,1457087114,8,,,,,
44599,,,1649117787,9,,,,,
44599,,,1459256369,10,,,,,
44599,,,1457087074,11,,,,,
44599,,,1457087122,12,,,,,
44599,,,1459256372,13,,,,,
44599,,,1457087066,14,,,,,
44599,,,1459256365,15,,,,,
44599,,,1457087118,16,,,,,
44599,,,1450589838,17,,,,,
44599,,,1473023940,18,,,,,
44599,,,1432752479,19,,,,,
44599,09:08:00,09:08:00,43719878,20,,,,,
44600,09:00:00,09:00:00,72944878,0,,,,,
44600,,,2177867806,1,,,,,
44600,,,872980957,2,,,,,
44600,,,1639803069,3,,,,,
44600,,,1457087092,4,,,,,
44600,,,1457087104,5,,,,,
44600,,,1457087089,6,,,,,
44600,,,1457087094,7,,,,,
44600,,,1457087114,8,,,,,
44600,,,1649117787,9,,,,,
44600,,,1459256369,10,,,,,
44600,,,1457087074,11,,,,,
44600,,,1457087122,12,,,,,
44600,,,1459256372,13,,,,,
44600,,,1457087066,14,,,,,
44600,,,1459256365,15,,,,,
44600,,,1457087118,16,,,,,
44600,,,1450589838,17,,,,,
44600,,,1473023940,18,,,,,
44600,,,1432752479,19,,,,,
44600,09:25:00,09:25:00,43719878,20,,,,,
44601,09:16:00,09:16:00,72944878,0,,,,,
44601,,,2177867806,1,,,,,
44601,,,872980957,2,,,,,
44601,,,1639803069,3,,,,,
44601,,,1457087092,4,,,,,
44601,,,1457087104,5,,,,,
44601,,,1457087089,6,,,,,
44601,,,1457087094,7,,,,,
44601,,,1457087114,8,,,,,
44601,,,1649117787,9,,,,,
44601,,,1459256369,10,,,,,
44601,,,1457087074,11,,,,,
44601,,,1457087122,12,,,,,
44601,,,1459256372,13,,,,,
44601,,,1457087066,14,,,,,
44601,,,1459256365,15,,,,,
44601,,,1457087118,16,,,,,
44601,,,1450589838,17,,,,,
44601,,,1473023940,18,,,,,
44601,,,1432752479,19,,,,,
44601,09:41:00,09:41:00,43719878,20,,,,,
44602,09:32:00,09:32:00,72944878,0,,,,,
44602,,,2177867806,1,,,,,
44602,,,872980957,2,,,,,
44602,,,1639803069,3,,,,,
44602,,,1457087092,4,,,,,
44602,,,1457087104,5,,,,,
44602,,,1457087089,6,,,,,
44602,,,1457087094,7,,,,,
44602,,,1457087114,8,,,,,
44602,,,1649117787,9,,,,,
44602,,,1459256369,10,,,,,
44602,,,1457087074,11,,,,,
44602,,,1457087122,12,,,,,
44602,,,1459256372,13,,,,,
44602,,,1457087066,14,,,,,
44602,,,1459256365,15,,,,,
44602,,,1457087118,16,,,,,
44602,,,1450589838,17,,,,,
44602,,,1473023940,18,,,,,
44602,,,1432752479,19,,,,,
44602,09:57:00,09:57:00,43719878,20,,,,,
44603,09:48:00,09:48:00,72944878,0,,,,,
44603,,,2177867806,1,,,,,
44603,,,872980957,2,,,,,
44603,,,1639803069,3,,,,,
44603,,,1457087092,4,,,,,
44603,,,1457087104,5,,,,,
44603,,,1457087089,6,,,,,
44603,,,1457087094,7,,,,,
44603,,,1457087114,8,,,,,
44603,,,1649117787,9,,,,,
44603,,,1459256369,10,,,,,
44603,,,1457087074,11,,,,,
44603,,,1457087122,12,,,,,
44603,,,1459256372,13,,,,,
44603,,,1457087066,14,,,,,
44603,,,1459256365,15,,,,,
44603,,,1457087118,16,,,,,
44603,,,1450589838,17,,,,,
44603,,,1473023940,18,,,,,
44603,,,1432752479,19,,,,,
44603,10:13:00,10:13:00,43719878,20,,,,,
44604,10:04:00,10:04:00,72944878,0,,,,,
44604,,,2177867806,1,,,,,
44604,,,872980957,2,,,,,
44604,,,1639803069,3,,,,,
44604,,,1457087092,4,,,,,
44604,,,1457087104,5,,,,,
44604,,,1457087089,6,,,,,
44604,,,1457087094,7,,,,,
44604,,,1457087114,8,,,,,
44604,,,1649117787,9,,,,,
44604,,,1459256369,10,,,,,
44604,,,1457087074,11,,,,,
44604,,,1457087122,12,,,,,
44604,,,1459256372,13,,,,,
44604,,,1457087066,14,,,,,
44604,,,1459256365,15,,,,,
44604,,,1457087118,16,,,,,
44604,,,1450589838,17,,,,,
44604,,,1473023940,18,,,,,
44604,,,1432752479,19,,,,,
44604,10:29:00,10:29:00,43719878,20,,,,,
44605,10:20:00,10:20:00,72944878,0,,,,,
44605,,,2177867806,1,,,,,
44605,,,872980957,2,,,,,
44605,,,1639803069,3,,,,,
44605,,,1457087092,4,,,,,
44605,,,1457087104,5,,,,,
44605,,,1457087089,6,,,,,
44605,,,1457087094,7,,,,,
44605,,,1457087114,8,,,,,
44605,,,1649117787,9,,,,,
44605,,,1459256369,10,,,,,
44605,,,1457087074,11,,,,,
44605,,,1457087122,12,,,,,
44605,,,1459256372,13,,,,,
44605,,,1457087066,14,,,,,
44605,,,1459256365,15,,,,,
44605,,,1457087118,16,,,,,
44605,,,1450589838,17,,,,,
44605,,,1473023940,18,,,,,
44605,,,1432752479,19,,,,,
44605,10:45:00,10:45:00,43719878,20,,,,,
44606,10:38:00,10:38:00,72944878,0,,,,,
44606,,,2177867806,1,,,,,
44606,,,872980957,2,,,,,
44606,,,1639803069,3,,,,,
44606,,,1457087092,4,,,,,
44606,,,1457087104,5,,,,,
44606,,,1457087089,6,,,,,
44606,,,1457087094,7,,,,,
44606,,,1457087114,8,,,,,
44606,,,1649117787,9,,,,,
44606,,,1459256369,10,,,,,
44606,,,1457087074,11,,,,,
44606,,,1457087122,12,,,,,
44606,,,1459256372,13,,,,,
44606,,,1457087066,14,,,,,
44606,,,1459256365,15,,,,,
44606,,,1457087118,16,,,,,
44606,,,1450589838,17,,,,,
44606,,,1473023940,18,,,,,
44606,,,1432752479,19,,,,,
44606,11:03:00,11:03:00,43719878,20,,,,,
44607,10:57:00,10:57:00,72944878,0,,,,,
44607,,,2177867806,1,,,,,
44607,,,872980957,2,,,,,
44607,,,1639803069,3,,,,,
44607,,,1457087092,4,,,,,
44607,,,1457087104,5,,,,,
44607,,,1457087089,6,,,,,
44607,,,1457087094,7,,,,,
44607,,,1457087114,8,,,,,
44607,,,1649117787,9,,,,,
44607,,,1459256369,10,,,,,
44607,,,1457087074,11,,,,,
44607,,,1457087122,12,,,,,
44607,,,1459256372,13,,,,,
44607,,,1457087066,14,,,,,
44607,,,1459256365,15,,,,,
44607,,,1457087118,16,,,,,
44607,,,1450589838,17,,,,,
44607,,,1473023940,18,,,,,
44607,,,1432752479,19,,,,,
44607,11:22:00,11:22:00,43719878,20,,,,,
44608,11:16:00,11:16:00,72944878,0,,,,,
44608,,,2177867806,1,,,,,
44608,,,872980957,2,,,,,
44608,,,1639803069,3,,,,,
44608,,,1457087092,4,,,,,
44608,,,1457087104,5,,,,,
44608,,,1457087089,6,,,,,
44608,,,1457087094,7,,,,,
44608,,,1457087114,8,,,,,
44608,,,1649117787,9,,,,,
44608,,,1459256369,10,,,,,
44608,,,1457087074,11,,,,,
44608,,,1457087122,12,,,,,
44608,,,1459256372,13,,,,,
44608,,,1457087066,14,,,,,
44608,,,1459256365,15,,,,,
44608,,,1457087118,16,,,,,
44608,,,1450589838,17,,,,,
44608,,,1473023940,18,,,,,
44608,,,1432752479,19,,,,,
44608,11:41:00,11:41:00,43719878,20,,,,,
44609,11:35:00,11:35:00,72944878,0,,,,,
44609,,,2177867806,1,,,,,
44609,,,872980957,2,,,,,
44609,,,1639803069,3,,,,,
44609,,,1457087092,4,,,,,
44609,,,1457087104,5,,,,,
44609,,,1457087089,6,,,,,
44609,,,1457087094,7,,,,,
44609,,,1457087114,8,,,,,
44609,,,1649117787,9,,,,,
44609,,,1459256369,10,,,,,
44609,,,1457087074,11,,,,,
44609,,,1457087122,12,,,,,
44609,,,1459256372,13,,,,,
44609,,,1457087066,14,,,,,
44609,,,1459256365,15,,,,,
44609,,,1457087118,16,,,,,
44609,,,1450589838,17,,,,,
44609,,,1473023940,18,,,,,
44609,,,1432752479,19,,,,,
44609,12:00:00,12:00:00,43719878,20,,,,,
44610,11:54:00,11:54:00,72944878,0,,,,,
44610,,,2177867806,1,,,,,
44610,,,872980957,2,,,,,
44610,,,1639803069,3,,,,,
44610,,,1457087092,4,,,,,
44610,,,1457087104,5,,,,,
44610,,,1457087089,6,,,,,
44610,,,1457087094,7,,,,,
44610,,,1457087114,8,,,,,
44610,,,1649117787,9,,,,,
44610,,,1459256369,10,,,,,
44610,,,1457087074,11,,,,,
44610,,,1457087122,12,,,,,
44610,,,1459256372,13,,,,,
44610,,,1457087066,14,,,,,
44610,,,1459256365,15,,,,,
44610,,,1457087118,16,,,,,
44610,,,1450589838,17,,,,,
44610,,,1473023940,18,,,,,
44610,,,1432752479,19,,,,,
44610,12:19:00,12:19:00,43719878,20,,,,,
44611,00:15:00,00:15:00,72944878,0,,,,,
44611,,,2177867806,1,,,,,
44611,,,872980957,2,,,,,
44611,,,1639803069,3,,,,,
44611,,,1457087092,4,,,,,
44611,,,1457087104,5,,,,,
44611,,,1457087089,6,,,,,
44611,,,1457087094,7,,,,,
44611,,,1457087114,8,,,,,
44611,,,1649117787,9,,,,,
44611,,,1459256369,10,,,,,
44611,,,1457087074,11,,,,,
44611,,,1457087122,12,,,,,
44611,,,1459256372,13,,,,,
44611,,,1457087066,14,,,,,
44611,,,1459256365,15,,,,,
44611,,,1457087118,16,,,,,
44611,,,1450589838,17,,,,,
44611,,,1473023940,18,,,,,
44611,,,1432752479,19,,,,,
44611,00:40:00,00:40:00,43719878,20,,,,,
44612,00:31:00,00:31:00,72944878,0,,,,,
44612,,,2177867806,1,,,,,
44612,,,872980957,2,,,,,
44612,,,1639803069,3,,,,,
44612,,,1457087092,4,,,,,
44612,,,1457087104,5,,,,,
44612,,,1457087089,6,,,,,
44612,,,1457087094,7,,,,,
44612,,,1457087114,8,,,,,
44612,,,1649117787,9,,,,,
44612,,,1459256369,10,,,,,
44612,,,1457087074,11,,,,,
44612,,,1457087122,12,,,,,
44612,,,1459256372,13,,,,,
44612,,,1457087066,14,,,,,
44612,,,1459256365,15,,,,,
44612,,,1457087118,16,,,,,
44612,,,1450589838,17,,,,,
44612,,,1473023940,18,,,,,
44612,,,1432752479,19,,,,,
44612,00:56:00,00:56:00,43719878,20,,,,,
44613,00:50:00,00:50:00,72944878,0,,,,,
44613,,,2177867806,1,,,,,
44613,,,872980957,2,,,,,
44613,,,1639803069,3,,,,,
44613,,,1457087092,4,,,,,
44613,,,1457087104,5,,,,,
44613,,,1457087089,6,,,,,
44613,,,1457087094,7,,,,,
44613,,,1457087114,8,,,,,
44613,,,1649117787,9,,,,,
44613,,,1459256369,10,,,,,
44613,,,1457087074,11,,,,,
44613,,,1457087122,12,,,,,
44613,,,1459256372,13,,,,,
44613,,,1457087066,14,,,,,
44613,,,1459256365,15,,,,,
44613,,,1457087118,16,,,,,
44613,,,1450589838,17,,,,,
44613,,,1473023940,18,,,,,
44613,,,1432752479,19,,,,,
44613,01:15:00,01:15:00,43719878,20,,,,,
44614,13:09:00,13:09:00,72944878,0,,,,,
44614,,,2177867806,1,,,,,
44614,,,872980957,2,,,,,
44614,,,1639803069,3,,,,,
44614,,,1457087092,4,,,,,
44614,,,1457087104,5,,,,,
44614,,,1457087089,6,,,,,
44614,,,1457087094,7,,,,,
44614,,,1457087114,8,,,,,
44614,,,1649117787,9,,,,,
44614,,,1459256369,10,,,,,
44614,,,1457087074,11,,,,,
44614,,,1457087122,12,,,,,
44614,,,1459256372,13,,,,,
44614,,,1457087066,14,,,,,
44614,,,1459256365,15,,,,,
44614,,,1457087118,16,,,,,
44614,,,1450589838,17,,,,,
44614,,,1473023940,18,,,,,
44614,,,1432752479,19,,,,,
44614,13:34:00,13:34:00,43719878,20,,,,,
44615,13:28:00,13:28:00,72944878,0,,,,,
44615,,,2177867806,1,,,,,
44615,,,872980957,2,,,,,
44615,,,1639803069,3,,,,,
44615,,,1457087092,4,,,,,
44615,,,1457087104,5,,,,,
44615,,,1457087089,6,,,,,
44615,,,1457087094,7,,,,,
44615,,,1457087114,8,,,,,
44615,,,1649117787,9,,,,,
44615,,,1459256369,10,,,,,
44615,,,1457087074,11,,,,,
44615,,,1457087122,12,,,,,
44615,,,1459256372,13,,,,,
44615,,,1457087066,14,,,,,
44615,,,1459256365,15,,,,,
44615,,,1457087118,16,,,,,
44615,,,1450589838,17,,,,,
44615,,,1473023940,18,,,,,
44615,,,1432752479,19,,,,,
44615,13:53:00,13:53:00,43719878,20,,,,,
44616,13:46:00,13:46:00,72944878,0,,,,,
44616,,,2177867806,1,,,,,
44616,,,872980957,2,,,,,
44616,,,1639803069,3,,,,,
44616,,,1457087092,4,,,,,
44616,,,1457087104,5,,,,,
44616,,,1457087089,6,,,,,
44616,,,1457087094,7,,,,,
44616,,,1457087114,8,,,,,
44616,,,1649117787,9,,,,,
44616,,,1459256369,10,,,,,
44616,,,1457087074,11,,,,,
44616,,,1457087122,12,,,,,
44616,,,1459256372,13,,,,,
44616,,,1457087066,14,,,,,
44616,,,1459256365,15,,,,,
44616,,,1457087118,16,,,,,
44616,,,1450589838,17,,,,,
44616,,,1473023940,18,,,,,
44616,,,1432752479,19,,,,,
44616,14:11:00,14:11:00,43719878,20,,,,,
44617,14:05:00,14:05:00,72944878,0,,,,,
44617,,,2177867806,1,,,,,
44617,,,872980957,2,,,,,
44617,,,1639803069,3,,,,,
44617,,,1457087092,4,,,,,
44617,,,1457087104,5,,,,,
44617,,,1457087089,6,,,,,
44617,,,1457087094,7,,,,,
44617,,,1457087114,8,,,,,
44617,,,1649117787,9,,,,,
44617,,,1459256369,10,,,,,
44617,,,1457087074,11,,,,,
44617,,,1457087122,12,,,,,
44617,,,1459256372,13,,,,,
44617,,,1457087066,14,,,,,
44617,,,1459256365,15,,,,,
44617,,,1457087118,16,,,,,
44617,,,1450589838,17,,,,,
44617,,,1473023940,18,,,,,
44617,,,1432752479,19,,,,,
44617,14:30:00,14:30:00,43719878,20,,,,,
44618,14:25:00,14:25:00,72944878,0,,,,,
44618,,,2177867806,1,,,,,
44618,,,872980957,2,,,,,
44618,,,1639803069,3,,,,,
44618,,,1457087092,4,,,,,
44618,,,1457087104,5,,,,,
44618,,,1457087089,6,,,,,
44618,,,1457087094,7,,,,,
44618,,,1457087114,8,,,,,
44618,,,1649117787,9,,,,,
44618,,,1459256369,10,,,,,
44618,,,1457087074,11,,,,,
44618,,,1457087122,12,,,,,
44618,,,1459256372,13,,,,,
44618,,,1457087066,14,,,,,
44618,,,1459256365,15,,,,,
44618,,,1457087118,16,,,,,
44618,,,1450589838,17,,,,,
44618,,,1473023940,18,,,,,
44618,,,1432752479,19,,,,,
44618,14:50:00,14:50:00,43719878,20,,,,,
44619,14:44:00,14:44:00,72944878,0,,,,,
44619,,,2177867806,1,,,,,
44619,,,872980957,2,,,,,
44619,,,1639803069,3,,,,,
44619,,,1457087092,4,,,,,
44619,,,1457087104,5,,,,,
44619,,,1457087089,6,,,,,
44619,,,1457087094,7,,,,,
44619,,,1457087114,8,,,,,
44619,,,1649117787,9,,,,,
44619,,,1459256369,10,,,,,
44619,,,1457087074,11,,,,,
44619,,,1457087122,12,,,,,
44619,,,1459256372,13,,,,,
44619,,,1457087066,14,,,,,
44619,,,1459256365,15,,,,,
44619,,,1457087118,16,,,,,
44619,,,1450589838,17,,,,,
44619,,,1473023940,18,,,,,
44619,,,1432752479,19,,,,,
44619,15:09:00,15:09:00,43719878,20,,,,,
44620,15:04:00,15:04:00,72944878,0,,,,,
44620,,,2177867806,1,,,,,
44620,,,872980957,2,,,,,
44620,,,1639803069,3,,,,,
44620,,,1457087092,4,,,,,
44620,,,1457087104,5,,,,,
44620,,,1457087089,6,,,,,
44620,,,1457087094,7,,,,,
44620,,,1457087114,8,,,,,
44620,,,1649117787,9,,,,,
44620,,,1459256369,10,,,,,
44620,,,1457087074,11,,,,,
44620,,,1457087122,12,,,,,
44620,,,1459256372,13,,,,,
44620,,,1457087066,14,,,,,
44620,,,1459256365,15,,,,,
44620,,,1457087118,16,,,,,
44620,,,1450589838,17,,,,,
44620,,,1473023940,18,,,,,
44620,,,1432752479,19,,,,,
44620,15:29:00,15:29:00,43719878,20,,,,,
44621,15:23:00,15:23:00,72944878,0,,,,,
44621,,,2177867806,1,,,,,
44621,,,872980957,2,,,,,
44621,,,1639803069,3,,,,,
44621,,,1457087092,4,,,,,
44621,,,1457087104,5,,,,,
44621,,,1457087089,6,,,,,
44621,,,1457087094,7,,,,,
44621,,,1457087114,8,,,,,
44621,,,1649117787,9,,,,,
44621,,,1459256369,10,,,,,
44621,,,1457087074,11,,,,,
44621,,,1457087122,12,,,,,
44621,,,1459256372,13,,,,,
44621,,,1457087066,14,,,,,
44621,,,1459256365,15,,,,,
44621,,,1457087118,16,,,,,
44621,,,1450589838,17,,,,,
44621,,,1473023940,18,,,,,
44621,,,1432752479,19,,,,,
44621,15:48:00,15:48:00,43719878,20,,,,,
44622,15:42:00,15:42:00,72944878,0,,,,,
44622,,,2177867806,1,,,,,
44622,,,872980957,2,,,,,
44622,,,1639803069,3,,,,,
44622,,,1457087092,4,,,,,
44622,,,1457087104,5,,,,,
44622,,,1457087089,6,,,,,
44622,,,1457087094,7,,,,,
44622,,,1457087114,8,,,,,
44622,,,1649117787,9,,,,,
44622,,,1459256369,10,,,,,
44622,,,1457087074,11,,,,,
44622,,,1457087122,12,,,,,
44622,,,1459256372,13,,,,,
44622,,,1457087066,14,,,,,
44622,,,1459256365,15,,,,,
44622,,,1457087118,16,,,,,
44622,,,1450589838,17,,,,,
44622,,,1473023940,18,,,,,
44622,,,1432752479,19,,,,,
44622,16:07:00,16:07:00,43719878,20,,,,,
44623,16:01:00,16:01:00,72944878,0,,,,,
44623,,,2177867806,1,,,,,
44623,,,872980957,2,,,,,
44623,,,1639803069,3,,,,,
44623,,,1457087092,4,,,,,
44623,,,1457087104,5,,,,,
44623,,,1457087089,6,,,,,
44623,,,1457087094,7,,,,,
44623,,,1457087114,8,,,,,
44623,,,1649117787,9,,,,,
44623,,,1459256369,10,,,,,
44623,,,1457087074,11,,,,,
44623,,,1457087122,12,,,,,
44623,,,1459256372,13,,,,,
44623,,,1457087066,14,,,,,
44623,,,1459256365,15,,,,,
44623,,,1457087118,16,,,,,
44623,,,1450589838,17,,,,,
44623,,,1473023940,18,,,,,
44623,,,1432752479,19,,,,,
44623,16:26:00,16:26:00,43719878,20,,,,,
44624,16:20:00,16:20:00,72944878,0,,,,,
44624,,,2177867806,1,,,,,
44624,,,872980957,2,,,,,
44624,,,1639803069,3,,,,,
44624,,,1457087092,4,,,,,
44624,,,1457087104,5,,,,,
44624,,,1457087089,6,,,,,
44624,,,1457087094,7,,,,,
44624,,,1457087114,8,,,,,
44624,,,1649117787,9,,,,,
44624,,,1459256369,10,,,,,
44624,,,1457087074,11,,,,,
44624,,,1457087122,12,,,,,
44624,,,1459256372,13,,,,,
44624,,,1457087066,14,,,,,
44624,,,1459256365,15,,,,,
44624,,,1457087118,16,,,,,
44624,,,1450589838,17,,,,,
44624,,,1473023940,18,,,,,
44624,,,1432752479,19,,,,,
44624,16:45:00,16:45:00,43719878,20,,,,,
44625,16:36:00,16:36:00,72944878,0,,,,,
44625,,,2177867806,1,,,,,
44625,,,872980957,2,,,,,
44625,,,1639803069,3,,,,,
44625,,,1457087092,4,,,,,
44625,,,1457087104,5,,,,,
44625,,,1457087089,6,,,,,
44625,,,1457087094,7,,,,,
44625,,,1457087114,8,,,,,
44625,,,1649117787,9,,,,,
44625,,,1459256369,10,,,,,
44625,,,1457087074,11,,,,,
44625,,,1457087122,12,,,,,
44625,,,1459256372,13,,,,,
44625,,,1457087066,14,,,,,
44625,,,1459256365,15,,,,,
44625,,,1457087118,16,,,,,
44625,,,1450589838,17,,,,,
44625,,,1473023940,18,,,,,
44625,,,1432752479,19,,,,,
44625,17:01:00,17:01:00,43719878,20,,,,,
44626,16:53:00,16:53:00,72944878,0,,,,,
44626,,,2177867806,1,,,,,
44626,,,872980957,2,,,,,
44626,,,1639803069,3,,,,,
44626,,,1457087092,4,,,,,
44626,,,1457087104,5,,,,,
44626,,,1457087089,6,,,,,
44626,,,1457087094,7,,,,,
44626,,,1457087114,8,,,,,
44626,,,1649117787,9,,,,,
44626,,,1459256369,10,,,,,
44626,,,1457087074,11,,,,,
44626,,,1457087122,12,,,,,
44626,,,1459256372,13,,,,,
44626,,,1457087066,14,,,,,
44626,,,1459256365,15,,,,,
44626,,,1457087118,16,,,,,
44626,,,1450589838,17,,,,,
44626,,,1473023940,18,,,,,
44626,,,1432752479,19,,,,,
44626,17:18:00,17:18:00,43719878,20,,,,,
44627,17:10:00,17:10:00,72944878,0,,,,,
44627,,,2177867806,1,,,,,
44627,,,872980957,2,,,,,
44627,,,1639803069,3,,,,,
44627,,,1457087092,4,,,,,
44627,,,1457087104,5,,,,,
44627,,,1457087089,6,,,,,
44627,,,1457087094,7,,,,,
44627,,,1457087114,8,,,,,
44627,,,1649117787,9,,,,,
44627,,,1459256369,10,,,,,
44627,,,1457087074,11,,,,,
44627,,,1457087122,12,,,,,
44627,,,1459256372,13,,,,,
44627,,,1457087066,14,,,,,
44627,,,1459256365,15,,,,,
44627,,,1457087118,16,,,,,
44627,,,1450589838,17,,,,,
44627,,,1473023940,18,,,,,
44627,,,1432752479,19,,,,,
44627,17:35:00,17:35:00,43719878,20,,,,,
44628,17:26:00,17:26:00,72944878,0,,,,,
44628,,,2177867806,1,,,,,
44628,,,872980957,2,,,,,
44628,,,1639803069,3,,,,,
44628,,,1457087092,4,,,,,
44628,,,1457087104,5,,,,,
44628,,,1457087089,6,,,,,
44628,,,1457087094,7,,,,,
44628,,,1457087114,8,,,,,
44628,,,1649117787,9,,,,,
44628,,,1459256369,10,,,,,
44628,,,1457087074,11,,,,,
44628,,,1457087122,12,,,,,
44628,,,1459256372,13,,,,,
44628,,,1457087066,14,,,,,
44628,,,1459256365,15,,,,,
44628,,,1457087118,16,,,,,
44628,,,1450589838,17,,,,,
44628,,,1473023940,18,,,,,
44628,,,1432752479,19,,,,,
44628,17:51:00,17:51:00,43719878,20,,,,,
44629,17:42:00,17:42:00,72944878,0,,,,,
44629,,,2177867806,1,,,,,
44629,,,872980957,2,,,,,
44629,,,1639803069,3,,,,,
44629,,,1457087092,4,,,,,
44629,,,1457087104,5,,,,,
44629,,,1457087089,6,,,,,
44629,,,1457087094,7,,,,,
44629,,,1457087114,8,,,,,
44629,,,1649117787,9,,,,,
44629,,,1459256369,10,,,,,
44629,,,1457087074,11,,,,,
44629,,,1457087122,12,,,,,
44629,,,1459256372,13,,,,,
44629,,,1457087066,14,,,,,
44629,,,1459256365,15,,,,,
44629,,,1457087118,16,,,,,
44629,,,1450589838,17,,,,,
44629,,,1473023940,18,,,,,
44629,,,1432752479,19,,,,,
44629,18:07:00,18:07:00,43719878,20,,,,,
44630,17:58:00,17:58:00,72944878,0,,,,,
44630,,,2177867806,1,,,,,
44630,,,872980957,2,,,,,
44630,,,1639803069,3,,,,,
44630,,,1457087092,4,,,,,
44630,,,1457087104,5,,,,,
44630,,,1457087089,6,,,,,
44630,,,1457087094,7,,,,,
44630,,,1457087114,8,,,,,
44630,,,1649117787,9,,,,,
44630,,,1459256369,10,,,,,
44630,,,1457087074,11,,,,,
44630,,,1457087122,12,,,,,
44630,,,1459256372,13,,,,,
44630,,,1457087066,14,,,,,
44630,,,1459256365,15,,,,,
44630,,,1457087118,16,,,,,
44630,,,1450589838,17,,,,,
44630,,,1473023940,18,,,,,
44630,,,1432752479,19,,,,,
44630,18:23:00,18:23:00,43719878,20,,,,,
44631,18:14:00,18:14:00,72944878,0,,,,,
44631,,,2177867806,1,,,,,
44631,,,872980957,2,,,,,
44631,,,1639803069,3,,,,,
44631,,,1457087092,4,,,,,
44631,,,1457087104,5,,,,,
44631,,,1457087089,6,,,,,
44631,,,1457087094,7,,,,,
44631,,,1457087114,8,,,,,
44631,,,1649117787,9,,,,,
44631,,,1459256369,10,,,,,
44631,,,1457087074,11,,,,,
44631,,,1457087122,12,,,,,
44631,,,1459256372,13,,,,,
44631,,,1457087066,14,,,,,
44631,,,1459256365,15,,,,,
44631,,,1457087118,16,,,,,
44631,,,1450589838,17,,,,,
44631,,,1473023940,18,,,,,
44631,,,1432752479,19,,,,,
44631,18:39:00,18:39:00,43719878,20,,,,,
44632,18:30:00,18:30:00,72944878,0,,,,,
44632,,,2177867806,1,,,,,
44632,,,872980957,2,,,,,
44632,,,1639803069,3,,,,,
44632,,,1457087092,4,,,,,
44632,,,1457087104,5,,,,,
44632,,,1457087089,6,,,,,
44632,,,1457087094,7,,,,,
44632,,,1457087114,8,,,,,
44632,,,1649117787,9,,,,,
44632,,,1459256369,10,,,,,
44632,,,1457087074,11,,,,,
44632,,,1457087122,12,,,,,
44632,,,1459256372,13,,,,,
44632,,,1457087066,14,,,,,
44632,,,1459256365,15,,,,,
44632,,,1457087118,16,,,,,
44632,,,1450589838,17,,,,,
44632,,,1473023940,18,,,,,
44632,,,1432752479,19,,,,,
44632,18:55:00,18:55:00,43719878,20,,,,,
44633,19:06:00,19:06:00,72944878,0,,,,,
44633,,,2177867806,1,,,,,
44633,,,872980957,2,,,,,
44633,,,1639803069,3,,,,,
44633,,,1457087092,4,,,,,
44633,,,1457087104,5,,,,,
44633,,,1457087089,6,,,,,
44633,,,1457087094,7,,,,,
44633,,,1457087114,8,,,,,
44633,,,1649117787,9,,,,,
44633,,,1459256369,10,,,,,
44633,,,1457087074,11,,,,,
44633,,,1457087122,12,,,,,
44633,,,1459256372,13,,,,,
44633,,,1457087066,14,,,,,
44633,,,1459256365,15,,,,,
44633,,,1457087118,16,,,,,
44633,,,1450589838,17,,,,,
44633,,,1473023940,18,,,,,
44633,,,1432752479,19,,,,,
44633,19:31:00,19:31:00,43719878,20,,,,,
44634,19:22:00,19:22:00,72944878,0,,,,,
44634,,,2177867806,1,,,,,
44634,,,872980957,2,,,,,
44634,,,1639803069,3,,,,,
44634,,,1457087092,4,,,,,
44634,,,1457087104,5,,,,,
44634,,,1457087089,6,,,,,
44634,,,1457087094,7,,,,,
44634,,,1457087114,8,,,,,
44634,,,1649117787,9,,,,,
44634,,,1459256369,10,,,,,
44634,,,1457087074,11,,,,,
44634,,,1457087122,12,,,,,
44634,,,1459256372,13,,,,,
44634,,,1457087066,14,,,,,
44634,,,1459256365,15,,,,,
44634,,,1457087118,16,,,,,
44634,,,1450589838,17,,,,,
44634,,,1473023940,18,,,,,
44634,,,1432752479,19,,,,,
44634,19:47:00,19:47:00,43719878,20,,,,,
44635,19:39:00,19:39:00,72944878,0,,,,,
44635,,,2177867806,1,,,,,
44635,,,872980957,2,,,,,
44635,,,1639803069,3,,,,,
44635,,,1457087092,4,,,,,
44635,,,1457087104,5,,,,,
44635,,,1457087089,6,,,,,
44635,,,1457087094,7,,,,,
44635,,,1457087114,8,,,,,
44635,,,1649117787,9,,,,,
44635,,,1459256369,10,,,,,
44635,,,1457087074,11,,,,,
44635,,,1457087122,12,,,,,
44635,,,1459256372,13,,,,,
44635,,,1457087066,14,,,,,
44635,,,1459256365,15,,,,,
44635,,,1457087118,16,,,,,
44635,,,1450589838,17,,,,,
44635,,,1473023940,18,,,,,
44635,,,1432752479,19,,,,,
44635,20:04:00,20:04:00,43719878,20,,,,,
44636,19:57:00,19:57:00,72944878,0,,,,,
44636,,,2177867806,1,,,,,
44636,,,872980957,2,,,,,
44636,,,1639803069,3,,,,,
44636,,,1457087092,4,,,,,
44636,,,1457087104,5,,,,,
44636,,,1457087089,6,,,,,
44636,,,1457087094,7,,,,,
44636,,,1457087114,8,,,,,
44636,,,1649117787,9,,,,,
44636,,,1459256369,10,,,,,
44636,,,1457087074,11,,,,,
44636,,,1457087122,12,,,,,
44636,,,1459256372,13,,,,,
44636,,,1457087066,14,,,,,
44636,,,1459256365,15,,,,,
44636,,,1457087118,16,,,,,
44636,,,1450589838,17,,,,,
44636,,,1473023940,18,,,,,
44636,,,1432752479,19,,,,,
44636,20:22:00,20:22:00,43719878,20,,,,,
44637,20:15:00,20:15:00,72944878,0,,,,,
44637,,,2177867806,1,,,,,
44637,,,872980957,2,,,,,
44637,,,1639803069,3,,,,,
44637,,,1457087092,4,,,,,
44637,,,1457087104,5,,,,,
44637,,,1457087089,6,,,,,
44637,,,1457087094,7,,,,,
44637,,,1457087114,8,,,,,
44637,,,1649117787,9,,,,,
44637,,,1459256369,10,,,,,
44637,,,1457087074,11,,,,,
44637,,,1457087122,12,,,,,
44637,,,1459256372,13,,,,,
44637,,,1457087066,14,,,,,
44637,,,1459256365,15,,,,,
44637,,,1457087118,16,,,,,
44637,,,1450589838,17,,,,,
44637,,,1473023940,18,,,,,
44637,,,1432752479,19,,,,,
44637,20:40:00,20:40:00,43719878,20,,,,,
44638,20:32:00,20:32:00,72944878,0,,,,,
44638,,,2177867806,1,,,,,
44638,,,872980957,2,,,,,
44638,,,1639803069,3,,,,,
44638,,,1457087092,4,,,,,
44638,,,1457087104,5,,,,,
44638,,,1457087089,6,,,,,
44638,,,1457087094,7,,,,,
44638,,,1457087114,8,,,,,
44638,,,1649117787,9,,,,,
44638,,,1459256369,10,,,,,
44638,,,1457087074,11,,,,,
44638,,,1457087122,12,,,,,
44638,,,1459256372,13,,,,,
44638,,,1457087066,14,,,,,
44638,,,1459256365,15,,,,,
44638,,,1457087118,16,,,,,
44638,,,1450589838,17,,,,,
44638,,,1473023940,18,,,,,
44638,,,1432752479,19,,,,,
44638,20:57:00,20:57:00,43719878,20,,,,,
44639,20:50:00,20:50:00,72944878,0,,,,,
44639,,,2177867806,1,,,,,
44639,,,872980957,2,,,,,
44639,,,1639803069,3,,,,,
44639,,,1457087092,4,,,,,
44639,,,1457087104,5,,,,,
44639,,,1457087089,6,,,,,
44639,,,1457087094,7,,,,,
44639,,,1457087114,8,,,,,
44639,,,1649117787,9,,,,,
44639,,,1459256369,10,,,,,
44639,,,1457087074,11,,,,,
44639,,,1457087122,12,,,,,
44639,,,1459256372,13,,,,,
44639,,,1457087066,14,,,,,
44639,,,1459256365,15,,,,,
44639,,,1457087118,16,,,,,
44639,,,1450589838,17,,,,,
44639,,,1473023940,18,,,,,
44639,,,1432752479,19,,,,,
44639,21:15:00,21:15:00,43719878,20,,,,,
44640,21:10:00,21:10:00,72944878,0,,,,,
44640,,,2177867806,1,,,,,
44640,,,872980957,2,,,,,
44640,,,1639803069,3,,,,,
44640,,,1457087092,4,,,,,
44640,,,1457087104,5,,,,,
44640,,,1457087089,6,,,,,
44640,,,1457087094,7,,,,,
44640,,,1457087114,8,,,,,
44640,,,1649117787,9,,,,,
44640,,,1459256369,10,,,,,
44640,,,1457087074,11,,,,,
44640,,,1457087122,12,,,,,
44640,,,1459256372,13,,,,,
44640,,,1457087066,14,,,,,
44640,,,1459256365,15,,,,,
44640,,,1457087118,16,,,,,
44640,,,1450589838,17,,,,,
44640,,,1473023940,18,,,,,
44640,,,1432752479,19,,,,,
44640,21:35:00,21:35:00,43719878,20,,,,,
44641,21:30:00,21:30:00,72944878,0,,,,,
44641,,,2177867806,1,,,,,
44641,,,872980957,2,,,,,
44641,,,1639803069,3,,,,,
44641,,,1457087092,4,,,,,
44641,,,1457087104,5,,,,,
44641,,,1457087089,6,,,,,
44641,,,1457087094,7,,,,,
44641,,,1457087114,8,,,,,
44641,,,1649117787,9,,,,,
44641,,,1459256369,10,,,,,
44641,,,1457087074,11,,,,,
44641,,,1457087122,12,,,,,
44641,,,1459256372,13,,,,,
44641,,,1457087066,14,,,,,
44641,,,1459256365,15,,,,,
44641,,,1457087118,16,,,,,
44641,,,1450589838,17,,,,,
44641,,,1473023940,18,,,,,
44641,,,1432752479,19,,,,,
44641,21:55:00,21:55:00,43719878,20,,,,,
44642,21:50:00,21:50:00,72944878,0,,,,,
44642,,,2177867806,1,,,,,
44642,,,872980957,2,,,,,
44642,,,1639803069,3,,,,,
44642,,,1457087092,4,,,,,
44642,,,1457087104,5,,,,,
44642,,,1457087089,6,,,,,
44642,,,1457087094,7,,,,,
44642,,,1457087114,8,,,,,
44642,,,1649117787,9,,,,,
44642,,,1459256369,10,,,,,
44642,,,1457087074,11,,,,,
44642,,,1457087122,12,,,,,
44642,,,1459256372,13,,,,,
44642,,,1457087066,14,,,,,
44642,,,1459256365,15,,,,,
44642,,,1457087118,16,,,,,
44642,,,1450589838,17,,,,,
44642,,,1473023940,18,,,,,
44642,,,1432752479,19,,,,,
44642,22:15:00,22:15:00,43719878,20,,,,,
44643,22:09:00,22:09:00,72944878,0,,,,,
44643,,,2177867806,1,,,,,
44643,,,872980957,2,,,,,
44643,,,1639803069,3,,,,,
44643,,,1457087092,4,,,,,
44643,,,1457087104,5,,,,,
44643,,,1457087089,6,,,,,
44643,,,1457087094,7,,,,,
44643,,,1457087114,8,,,,,
44643,,,1649117787,9,,,,,
44643,,,1459256369,10,,,,,
44643,,,1457087074,11,,,,,
44643,,,1457087122,12,,,,,
44643,,,1459256372,13,,,,,
44643,,,1457087066,14,,,,,
44643,,,1459256365,15,,,,,
44643,,,1457087118,16,,,,,
44643,,,1450589838,17,,,,,
44643,,,1473023940,18,,,,,
44643,,,1432752479,19,,,,,
44643,22:34:00,22:34:00,43719878,20,,,,,
44644,22:27:00,22:27:00,72944878,0,,,,,
44644,,,2177867806,1,,,,,
44644,,,872980957,2,,,,,
44644,,,1639803069,3,,,,,
44644,,,1457087092,4,,,,,
44644,,,1457087104,5,,,,,
44644,,,1457087089,6,,,,,
44644,,,1457087094,7,,,,,
44644,,,1457087114,8,,,,,
44644,,,1649117787,9,,,,,
44644,,,1459256369,10,,,,,
44644,,,1457087074,11,,,,,
44644,,,1457087122,12,,,,,
44644,,,1459256372,13,,,,,
44644,,,1457087066,14,,,,,
44644,,,1459256365,15,,,,,
44644,,,1457087118,16,,,,,
44644,,,1450589838,17,,,,,
44644,,,1473023940,18,,,,,
44644,,,1432752479,19,,,,,
44644,22:52:00,22:52:00,43719878,20,,,,,
44645,22:48:00,22:48:00,72944878,0,,,,,
44645,,,2177867806,1,,,,,
44645,,,872980957,2,,,,,
44645,,,1639803069,3,,,,,
44645,,,1457087092,4,,,,,
44645,,,1457087104,5,,,,,
44645,,,1457087089,6,,,,,
44645,,,1457087094,7,,,,,
44645,,,1457087114,8,,,,,
44645,,,1649117787,9,,,,,
44645,,,1459256369,10,,,,,
44645,,,1457087074,11,,,,,
44645,,,1457087122,12,,,,,
44645,,,1459256372,13,,,,,
44645,,,1457087066,14,,,,,
44645,,,1459256365,15,,,,,
44645,,,1457087118,16,,,,,
44645,,,1450589838,17,,,,,
44645,,,1473023940,18,,,,,
44645,,,1432752479,19,,,,,
44645,23:13:00,23:13:00,43719878,20,,,,,
44646,23:07:00,23:07:00,72944878,0,,,,,
44646,,,2177867806,1,,,,,
44646,,,872980957,2,,,,,
44646,,,1639803069,3,,,,,
44646,,,1457087092,4,,,,,
44646,,,1457087104,5,,,,,
44646,,,1457087089,6,,,,,
44646,,,1457087094,7,,,,,
44646,,,1457087114,8,,,,,
44646,,,1649117787,9,,,,,
44646,,,1459256369,10,,,,,
44646,,,1457087074,11,,,,,
44646,,,1457087122,12,,,,,
44646,,,1459256372,13,,,,,
44646,,,1457087066,14,,,,,
44646,,,1459256365,15,,,,,
44646,,,1457087118,16,,,,,
44646,,,1450589838,17,,,,,
44646,,,1473023940,18,,,,,
44646,,,1432752479,19,,,,,
44646,23:32:00,23:32:00,43719878,20,,,,,
44647,23:30:00,23:30:00,72944878,0,,,,,
44647,,,2177867806,1,,,,,
44647,,,872980957,2,,,,,
44647,,,1639803069,3,,,,,
44647,,,1457087092,4,,,,,
44647,,,1457087104,5,,,,,
44647,,,1457087089,6,,,,,
44647,,,1457087094,7,,,,,
44647,,,1457087114,8,,,,,
44647,,,1649117787,9,,,,,
44647,,,1459256369,10,,,,,
44647,,,1457087074,11,,,,,
44647,,,1457087122,12,,,,,
44647,,,1459256372,13,,,,,
44647,,,1457087066,14,,,,,
44647,,,1459256365,15,,,,,
44647,,,1457087118,16,,,,,
44647,,,1450589838,17,,,,,
44647,,,1473023940,18,,,,,
44647,,,1432752479,19,,,,,
44647,23:55:00,23:55:00,43719878,20,,,,,
44648,23:54:00,23:54:00,72944878,0,,,,,
44648,,,2177867806,1,,,,,
44648,,,872980957,2,,,,,
44648,,,1639803069,3,,,,,
44648,,,1457087092,4,,,,,
44648,,,1457087104,5,,,,,
44648,,,1457087089,6,,,,,
44648,,,1457087094,7,,,,,
44648,,,1457087114,8,,,,,
44648,,,1649117787,9,,,,,
44648,,,1459256369,10,,,,,
44648,,,1457087074,11,,,,,
44648,,,1457087122,12,,,,,
44648,,,1459256372,13,,,,,
44648,,,1457087066,14,,,,,
44648,,,1459256365,15,,,,,
44648,,,1457087118,16,,,,,
44648,,,1450589838,17,,,,,
44648,,,1473023940,18,,,,,
44648,,,1432752479,19,,,,,
44648,00:19:00,00:19:00,43719878,20,,,,,
44649,18:48:00,18:48:00,72944878,0,,,,,
44649,,,2177867806,1,,,,,
44649,,,872980957,2,,,,,
44649,,,1639803069,3,,,,,
44649,,,1457087092,4,,,,,
44649,,,1457087104,5,,,,,
44649,,,1457087089,6,,,,,
44649,,,1457087094,7,,,,,
44649,,,1457087114,8,,,,,
44649,,,1649117787,9,,,,,
44649,,,1459256369,10,,,,,
44649,,,1457087074,11,,,,,
44649,,,1457087122,12,,,,,
44649,,,1459256372,13,,,,,
44649,,,1457087066,14,,,,,
44649,,,1459256365,15,,,,,
44649,,,1457087118,16,,,,,
44649,,,1450589838,17,,,,,
44649,,,1473023940,18,,,,,
44649,,,1432752479,19,,,,,
44649,19:13:00,19:13:00,43719878,20,,,,,
44711,00:01:00,00:01:00,72944878,0,,,,,
44711,,,2177867806,1,,,,,
44711,,,872980957,2,,,,,
44711,,,1639803069,3,,,,,
44711,,,1457087092,4,,,,,
44711,,,1457087104,5,,,,,
44711,,,1457087089,6,,,,,
44711,,,1457087094,7,,,,,
44711,,,1457087114,8,,,,,
44711,,,1649117787,9,,,,,
44711,,,1459256369,10,,,,,
44711,,,1457087074,11,,,,,
44711,,,1457087122,12,,,,,
44711,,,1459256372,13,,,,,
44711,,,1457087066,14,,,,,
44711,,,1459256365,15,,,,,
44711,,,1457087118,16,,,,,
44711,,,1450589838,17,,,,,
44711,,,1473023940,18,,,,,
44711,,,1432752479,19,,,,,
44711,00:26:00,00:26:00,43719878,20,,,,,
44712,05:25:00,05:25:00,72944878,0,,,,,
44712,,,2177867806,1,,,,,
44712,,,872980957,2,,,,,
44712,,,1639803069,3,,,,,
44712,,,1457087092,4,,,,,
44712,,,1457087104,5,,,,,
44712,,,1457087089,6,,,,,
44712,,,1457087094,7,,,,,
44712,,,1457087114,8,,,,,
44712,,,1649117787,9,,,,,
44712,,,1459256369,10,,,,,
44712,,,1457087074,11,,,,,
44712,,,1457087122,12,,,,,
44712,,,1459256372,13,,,,,
44712,,,1457087066,14,,,,,
44712,,,1459256365,15,,,,,
44712,,,1457087118,16,,,,,
44712,,,1450589838,17,,,,,
44712,,,1473023940,18,,,,,
44712,,,1432752479,19,,,,,
44712,05:50:00,05:50:00,43719878,20,,,,,
44713,05:49:00,05:49:00,72944878,0,,,,,
44713,,,2177867806,1,,,,,
44713,,,872980957,2,,,,,
44713,,,1639803069,3,,,,,
44713,,,1457087092,4,,,,,
44713,,,1457087104,5,,,,,
44713,,,1457087089,6,,,,,
44713,,,1457087094,7,,,,,
44713,,,1457087114,8,,,,,
44713,,,1649117787,9,,,,,
44713,,,1459256369,10,,,,,
44713,,,1457087074,11,,,,,
44713,,,1457087122,12,,,,,
44713,,,1459256372,13,,,,,
44713,,,1457087066,14,,,,,
44713,,,1459256365,15,,,,,
44713,,,1457087118,16,,,,,
44713,,,1450589838,17,,,,,
44713,,,1473023940,18,,,,,
44713,,,1432752479,19,,,,,
44713,06:14:00,06:14:00,43719878,20,,,,,
44714,06:46:00,06:46:00,72944878,0,,,,,
44714,,,2177867806,1,,,,,
44714,,,872980957,2,,,,,
44714,,,1639803069,3,,,,,
44714,,,1457087092,4,,,,,
44714,,,1457087104,5,,,,,
44714,,,1457087089,6,,,,,
44714,,,1457087094,7,,,,,
44714,,,1457087114,8,,,,,
44714,,,1649117787,9,,,,,
44714,,,1459256369,10,,,,,
44714,,,1457087074,11,,,,,
44714,,,1457087122,12,,,,,
44714,,,1459256372,13,,,,,
44714,,,1457087066,14,,,,,
44714,,,1459256365,15,,,,,
44714,,,1457087118,16,,,,,
44714,,,1450589838,17,,,,,
44714,,,1473023940,18,,,,,
44714,,,1432752479,19,,,,,
44714,07:11:00,07:11:00,43719878,20,,,,,
44715,07:11:00,07:11:00,72944878,0,,,,,
44715,,,2177867806,1,,,,,
44715,,,872980957,2,,,,,
44715,,,1639803069,3,,,,,
44715,,,1457087092,4,,,,,
44715,,,1457087104,5,,,,,
44715,,,1457087089,6,,,,,
44715,,,1457087094,7,,,,,
44715,,,1457087114,8,,,,,
44715,,,1649117787,9,,,,,
44715,,,1459256369,10,,,,,
44715,,,1457087074,11,,,,,
44715,,,1457087122,12,,,,,
44715,,,1459256372,13,,,,,
44715,,,1457087066,14,,,,,
44715,,,1459256365,15,,,,,
44715,,,1457087118,16,,,,,
44715,,,1450589838,17,,,,,
44715,,,1473023940,18,,,,,
44715,,,1432752479,19,,,,,
44715,07:36:00,07:36:00,43719878,20,,,,,
44716,07:38:00,07:38:00,72944878,0,,,,,
44716,,,2177867806,1,,,,,
44716,,,872980957,2,,,,,
44716,,,1639803069,3,,,,,
44716,,,1457087092,4,,,,,
44716,,,1457087104,5,,,,,
44716,,,1457087089,6,,,,,
44716,,,1457087094,7,,,,,
44716,,,1457087114,8,,,,,
44716,,,1649117787,9,,,,,
44716,,,1459256369,10,,,,,
44716,,,1457087074,11,,,,,
44716,,,1457087122,12,,,,,
44716,,,1459256372,13,,,,,
44716,,,1457087066,14,,,,,
44716,,,1459256365,15,,,,,
44716,,,1457087118,16,,,,,
44716,,,1450589838,17,,,,,
44716,,,1473023940,18,,,,,
44716,,,1432752479,19,,,,,
44716,08:03:00,08:03:00,43719878,20,,,,,
44717,08:03:00,08:03:00,72944878,0,,,,,
44717,,,2177867806,1,,,,,
44717,,,872980957,2,,,,,
44717,,,1639803069,3,,,,,
44717,,,1457087092,4,,,,,
44717,,,1457087104,5,,,,,
44717,,,1457087089,6,,,,,
44717,,,1457087094,7,,,,,
44717,,,1457087114,8,,,,,
44717,,,1649117787,9,,,,,
44717,,,1459256369,10,,,,,
44717,,,1457087074,11,,,,,
44717,,,1457087122,12,,,,,
44717,,,1459256372,13,,,,,
44717,,,1457087066,14,,,,,
44717,,,1459256365,15,,,,,
44717,,,1457087118,16,,,,,
44717,,,1450589838,17,,,,,
44717,,,1473023940,18,,,,,
44717,,,1432752479,19,,,,,
44717,08:28:00,08:28:00,43719878,20,,,,,
44718,08:28:00,08:28:00,72944878,0,,,,,
44718,,,2177867806,1,,,,,
44718,,,872980957,2,,,,,
44718,,,1639803069,3,,,,,
44718,,,1457087092,4,,,,,
44718,,,1457087104,5,,,,,
44718,,,1457087089,6,,,,,
44718,,,1457087094,7,,,,,
44718,,,1457087114,8,,,,,
44718,,,1649117787,9,,,,,
44718,,,1459256369,10,,,,,
44718,,,1457087074,11,,,,,
44718,,,1457087122,12,,,,,
44718,,,1459256372,13,,,,,
44718,,,1457087066,14,,,,,
44718,,,1459256365,15,,,,,
44718,,,1457087118,16,,,,,
44718,,,1450589838,17,,,,,
44718,,,1473023940,18,,,,,
44718,,,1432752479,19,,,,,
44718,08:53:00,08:53:00,43719878,20,,,,,
44719,08:53:00,08:53:00,72944878,0,,,,,
44719,,,2177867806,1,,,,,
44719,,,872980957,2,,,,,
44719,,,1639803069,3,,,,,
44719,,,1457087092,4,,,,,
44719,,,1457087104,5,,,,,
44719,,,1457087089,6,,,,,
44719,,,1457087094,7,,,,,
44719,,,1457087114,8,,,,,
44719,,,1649117787,9,,,,,
44719,,,1459256369,10,,,,,
44719,,,1457087074,11,,,,,
44719,,,1457087122,12,,,,,
44719,,,1459256372,13,,,,,
44719,,,1457087066,14,,,,,
44719,,,1459256365,15,,,,,
44719,,,1457087118,16,,,,,
44719,,,1450589838,17,,,,,
44719,,,1473023940,18,,,,,
44719,,,1432752479,19,,,,,
44719,09:18:00,09:18:00,43719878,20,,,,,
44720,09:18:00,09:18:00,72944878,0,,,,,
44720,,,2177867806,1,,,,,
44720,,,872980957,2,,,,,
44720,,,1639803069,3,,,,,
44720,,,1457087092,4,,,,,
44720,,,1457087104,5,,,,,
44720,,,1457087089,6,,,,,
44720,,,1457087094,7,,,,,
44720,,,1457087114,8,,,,,
44720,,,1649117787,9,,,,,
44720,,,1459256369,10,,,,,
44720,,,1457087074,11,,,,,
44720,,,1457087122,12,,,,,
44720,,,1459256372,13,,,,,
44720,,,1457087066,14,,,,,
44720,,,1459256365,15,,,,,
44720,,,1457087118,16,,,,,
44720,,,1450589838,17,,,,,
44720,,,1473023940,18,,,,,
44720,,,1432752479,19,,,,,
44720,09:43:00,09:43:00,43719878,20,,,,,
44721,09:43:00,09:43:00,72944878,0,,,,,
44721,,,2177867806,1,,,,,
44721,,,872980957,2,,,,,
44721,,,1639803069,3,,,,,
44721,,,1457087092,4,,,,,
44721,,,1457087104,5,,,,,
44721,,,1457087089,6,,,,,
44721,,,1457087094,7,,,,,
44721,,,1457087114,8,,,,,
44721,,,1649117787,9,,,,,
44721,,,1459256369,10,,,,,
44721,,,1457087074,11,,,,,
44721,,,1457087122,12,,,,,
44721,,,1459256372,13,,,,,
44721,,,1457087066,14,,,,,
44721,,,1459256365,15,,,,,
44721,,,1457087118,16,,,,,
44721,,,1450589838,17,,,,,
44721,,,1473023940,18,,,,,
44721,,,1432752479,19,,,,,
44721,10:08:00,10:08:00,43719878,20,,,,,
44722,10:08:00,10:08:00,72944878,0,,,,,
44722,,,2177867806,1,,,,,
44722,,,872980957,2,,,,,
44722,,,1639803069,3,,,,,
44722,,,1457087092,4,,,,,
44722,,,1457087104,5,,,,,
44722,,,1457087089,6,,,,,
44722,,,1457087094,7,,,,,
44722,,,1457087114,8,,,,,
44722,,,1649117787,9,,,,,
44722,,,1459256369,10,,,,,
44722,,,1457087074,11,,,,,
44722,,,1457087122,12,,,,,
44722,,,1459256372,13,,,,,
44722,,,1457087066,14,,,,,
44722,,,1459256365,15,,,,,
44722,,,1457087118,16,,,,,
44722,,,1450589838,17,,,,,
44722,,,1473023940,18,,,,,
44722,,,1432752479,19,,,,,
44722,10:33:00,10:33:00,43719878,20,,,,,
44723,10:33:00,10:33:00,72944878,0,,,,,
44723,,,2177867806,1,,,,,
44723,,,872980957,2,,,,,
44723,,,1639803069,3,,,,,
44723,,,1457087092,4,,,,,
44723,,,1457087104,5,,,,,
44723,,,1457087089,6,,,,,
44723,,,1457087094,7,,,,,
44723,,,1457087114,8,,,,,
44723,,,1649117787,9,,,,,
44723,,,1459256369,10,,,,,
44723,,,1457087074,11,,,,,
44723,,,1457087122,12,,,,,
44723,,,1459256372,13,,,,,
44723,,,1457087066,14,,,,,
44723,,,1459256365,15,,,,,
44723,,,1457087118,16,,,,,
44723,,,1450589838,17,,,,,
44723,,,1473023940,18,,,,,
44723,,,1432752479,19,,,,,
44723,10:58:00,10:58:00,43719878,20,,,,,
44724,11:03:00,11:03:00,72944878,0,,,,,
44724,,,2177867806,1,,,,,
44724,,,872980957,2,,,,,
44724,,,1639803069,3,,,,,
44724,,,1457087092,4,,,,,
44724,,,1457087104,5,,,,,
44724,,,1457087089,6,,,,,
44724,,,1457087094,7,,,,,
44724,,,1457087114,8,,,,,
44724,,,1649117787,9,,,,,
44724,,,1459256369,10,,,,,
44724,,,1457087074,11,,,,,
44724,,,1457087122,12,,,,,
44724,,,1459256372,13,,,,,
44724,,,1457087066,14,,,,,
44724,,,1459256365,15,,,,,
44724,,,1457087118,16,,,,,
44724,,,1450589838,17,,,,,
44724,,,1473023940,18,,,,,
44724,,,1432752479,19,,,,,
44724,11:28:00,11:28:00,43719878,20,,,,,
44725,11:33:00,11:33:00,72944878,0,,,,,
44725,,,2177867806,1,,,,,
44725,,,872980957,2,,,,,
44725,,,1639803069,3,,,,,
44725,,,1457087092,4,,,,,
44725,,,1457087104,5,,,,,
44725,,,1457087089,6,,,,,
44725,,,1457087094,7,,,,,
44725,,,1457087114,8,,,,,
44725,,,1649117787,9,,,,,
44725,,,1459256369,10,,,,,
44725,,,1457087074,11,,,,,
44725,,,1457087122,12,,,,,
44725,,,1459256372,13,,,,,
44725,,,1457087066,14,,,,,
44725,,,1459256365,15,,,,,
44725,,,1457087118,16,,,,,
44725,,,1450589838,17,,,,,
44725,,,1473023940,18,,,,,
44725,,,1432752479,19,,,,,
44725,11:58:00,11:58:00,43719878,20,,,,,
44726,00:03:00,00:03:00,72944878,0,,,,,
44726,,,2177867806,1,,,,,
44726,,,872980957,2,,,,,
44726,,,1639803069,3,,,,,
44726,,,1457087092,4,,,,,
44726,,,1457087104,5,,,,,
44726,,,1457087089,6,,,,,
44726,,,1457087094,7,,,,,
44726,,,1457087114,8,,,,,
44726,,,1649117787,9,,,,,
44726,,,1459256369,10,,,,,
44726,,,1457087074,11,,,,,
44726,,,1457087122,12,,,,,
44726,,,1459256372,13,,,,,
44726,,,1457087066,14,,,,,
44726,,,1459256365,15,,,,,
44726,,,1457087118,16,,,,,
44726,,,1450589838,17,,,,,
44726,,,1473023940,18,,,,,
44726,,,1432752479,19,,,,,
44726,00:28:00,00:28:00,43719878,20,,,,,
44727,00:33:00,00:33:00,72944878,0,,,,,
44727,,,2177867806,1,,,,,
44727,,,872980957,2,,,,,
44727,,,1639803069,3,,,,,
44727,,,1457087092,4,,,,,
44727,,,1457087104,5,,,,,
44727,,,1457087089,6,,,,,
44727,,,1457087094,7,,,,,
44727,,,1457087114,8,,,,,
44727,,,1649117787,9,,,,,
44727,,,1459256369,10,,,,,
44727,,,1457087074,11,,,,,
44727,,,1457087122,12,,,,,
44727,,,1459256372,13,,,,,
44727,,,1457087066,14,,,,,
44727,,,1459256365,15,,,,,
44727,,,1457087118,16,,,,,
44727,,,1450589838,17,,,,,
44727,,,1473023940,18,,,,,
44727,,,1432752479,19,,,,,
44727,00:58:00,00:58:00,43719878,20,,,,,
44728,00:58:00,00:58:00,72944878,0,,,,,
44728,,,2177867806,1,,,,,
44728,,,872980957,2,,,,,
44728,,,1639803069,3,,,,,
44728,,,1457087092,4,,,,,
44728,,,1457087104,5,,,,,
44728,,,1457087089,6,,,,,
44728,,,1457087094,7,,,,,
44728,,,1457087114,8,,,,,
44728,,,1649117787,9,,,,,
44728,,,1459256369,10,,,,,
44728,,,1457087074,11,,,,,
44728,,,1457087122,12,,,,,
44728,,,1459256372,13,,,,,
44728,,,1457087066,14,,,,,
44728,,,1459256365,15,,,,,
44728,,,1457087118,16,,,,,
44728,,,1450589838,17,,,,,
44728,,,1473023940,18,,,,,
44728,,,1432752479,19,,,,,
44728,01:23:00,01:23:00,43719878,20,,,,,
44729,13:23:00,13:23:00,72944878,0,,,,,
44729,,,2177867806,1,,,,,
44729,,,872980957,2,,,,,
44729,,,1639803069,3,,,,,
44729,,,1457087092,4,,,,,
44729,,,1457087104,5,,,,,
44729,,,1457087089,6,,,,,
44729,,,1457087094,7,,,,,
44729,,,1457087114,8,,,,,
44729,,,1649117787,9,,,,,
44729,,,1459256369,10,,,,,
44729,,,1457087074,11,,,,,
44729,,,1457087122,12,,,,,
44729,,,1459256372,13,,,,,
44729,,,1457087066,14,,,,,
44729,,,1459256365,15,,,,,
44729,,,1457087118,16,,,,,
44729,,,1450589838,17,,,,,
44729,,,1473023940,18,,,,,
44729,,,1432752479,19,,,,,
44729,13:48:00,13:48:00,43719878,20,,,,,
44730,13:48:00,13:48:00,72944878,0,,,,,
44730,,,2177867806,1,,,,,
44730,,,872980957,2,,,,,
44730,,,1639803069,3,,,,,
44730,,,1457087092,4,,,,,
44730,,,1457087104,5,,,,,
44730,,,1457087089,6,,,,,
44730,,,1457087094,7,,,,,
44730,,,1457087114,8,,,,,
44730,,,1649117787,9,,,,,
44730,,,1459256369,10,,,,,
44730,,,1457087074,11,,,,,
44730,,,1457087122,12,,,,,
44730,,,1459256372,13,,,,,
44730,,,1457087066,14,,,,,
44730,,,1459256365,15,,,,,
44730,,,1457087118,16,,,,,
44730,,,1450589838,17,,,,,
44730,,,1473023940,18,,,,,
44730,,,1432752479,19,,,,,
44730,14:13:00,14:13:00,43719878,20,,,,,
44731,14:13:00,14:13:00,72944878,0,,,,,
44731,,,2177867806,1,,,,,
44731,,,872980957,2,,,,,
44731,,,1639803069,3,,,,,
44731,,,1457087092,4,,,,,
44731,,,1457087104,5,,,,,
44731,,,1457087089,6,,,,,
44731,,,1457087094,7,,,,,
44731,,,1457087114,8,,,,,
44731,,,1649117787,9,,,,,
44731,,,1459256369,10,,,,,
44731,,,1457087074,11,,,,,
44731,,,1457087122,12,,,,,
44731,,,1459256372,13,,,,,
44731,,,1457087066,14,,,,,
44731,,,1459256365,15,,,,,
44731,,,1457087118,16,,,,,
44731,,,1450589838,17,,,,,
44731,,,1473023940,18,,,,,
44731,,,1432752479,19,,,,,
44731,14:38:00,14:38:00,43719878,20,,,,,
44732,14:38:00,14:38:00,72944878,0,,,,,
44732,,,2177867806,1,,,,,
44732,,,872980957,2,,,,,
44732,,,1639803069,3,,,,,
44732,,,1457087092,4,,,,,
44732,,,1457087104,5,,,,,
44732,,,1457087089,6,,,,,
44732,,,1457087094,7,,,,,
44732,,,1457087114,8,,,,,
44732,,,1649117787,9,,,,,
44732,,,1459256369,10,,,,,
44732,,,1457087074,11,,,,,
44732,,,1457087122,12,,,,,
44732,,,1459256372,13,,,,,
44732,,,1457087066,14,,,,,
44732,,,1459256365,15,,,,,
44732,,,1457087118,16,,,,,
44732,,,1450589838,17,,,,,
44732,,,1473023940,18,,,,,
44732,,,1432752479,19,,,,,
44732,15:03:00,15:03:00,43719878,20,,,,,
44733,15:03:00,15:03:00,72944878,0,,,,,
44733,,,2177867806,1,,,,,
44733,,,872980957,2,,,,,
44733,,,1639803069,3,,,,,
44733,,,1457087092,4,,,,,
44733,,,1457087104,5,,,,,
44733,,,1457087089,6,,,,,
44733,,,1457087094,7,,,,,
44733,,,1457087114,8,,,,,
44733,,,1649117787,9,,,,,
44733,,,1459256369,10,,,,,
44733,,,1457087074,11,,,,,
44733,,,1457087122,12,,,,,
44733,,,1459256372,13,,,,,
44733,,,1457087066,14,,,,,
44733,,,1459256365,15,,,,,
44733,,,1457087118,16,,,,,
44733,,,1450589838,17,,,,,
44733,,,1473023940,18,,,,,
44733,,,1432752479,19,,,,,
44733,15:28:00,15:28:00,43719878,20,,,,,
44734,15:33:00,15:33:00,72944878,0,,,,,
44734,,,2177867806,1,,,,,
44734,,,872980957,2,,,,,
44734,,,1639803069,3,,,,,
44734,,,1457087092,4,,,,,
44734,,,1457087104,5,,,,,
44734,,,1457087089,6,,,,,
44734,,,1457087094,7,,,,,
44734,,,1457087114,8,,,,,
44734,,,1649117787,9,,,,,
44734,,,1459256369,10,,,,,
44734,,,1457087074,11,,,,,
44734,,,1457087122,12,,,,,
44734,,,1459256372,13,,,,,
44734,,,1457087066,14,,,,,
44734,,,1459256365,15,,,,,
44734,,,1457087118,16,,,,,
44734,,,1450589838,17,,,,,
44734,,,1473023940,18,,,,,
44734,,,1432752479,19,,,,,
44734,15:58:00,15:58:00,43719878,20,,,,,
44735,16:03:00,16:03:00,72944878,0,,,,,
44735,,,2177867806,1,,,,,
44735,,,872980957,2,,,,,
44735,,,1639803069,3,,,,,
44735,,,1457087092,4,,,,,
44735,,,1457087104,5,,,,,
44735,,,1457087089,6,,,,,
44735,,,1457087094,7,,,,,
44735,,,1457087114,8,,,,,
44735,,,1649117787,9,,,,,
44735,,,1459256369,10,,,,,
44735,,,1457087074,11,,,,,
44735,,,1457087122,12,,,,,
44735,,,1459256372,13,,,,,
44735,,,1457087066,14,,,,,
44735,,,1459256365,15,,,,,
44735,,,1457087118,16,,,,,
44735,,,1450589838,17,,,,,
44735,,,1473023940,18,,,,,
44735,,,1432752479,19,,,,,
44735,16:28:00,16:28:00,43719878,20,,,,,
44736,16:33:00,16:33:00,72944878,0,,,,,
44736,,,2177867806,1,,,,,
44736,,,872980957,2,,,,,
44736,,,1639803069,3,,,,,
44736,,,1457087092,4,,,,,
44736,,,1457087104,5,,,,,
44736,,,1457087089,6,,,,,
44736,,,1457087094,7,,,,,
44736,,,1457087114,8,,,,,
44736,,,1649117787,9,,,,,
44736,,,1459256369,10,,,,,
44736,,,1457087074,11,,,,,
44736,,,1457087122,12,,,,,
44736,,,1459256372,13,,,,,
44736,,,1457087066,14,,,,,
44736,,,1459256365,15,,,,,
44736,,,1457087118,16,,,,,
44736,,,1450589838,17,,,,,
44736,,,1473023940,18,,,,,
44736,,,1432752479,19,,,,,
44736,16:58:00,16:58:00,43719878,20,,,,,
44737,17:03:00,17:03:00,72944878,0,,,,,
44737,,,2177867806,1,,,,,
44737,,,872980957,2,,,,,
44737,,,1639803069,3,,,,,
44737,,,1457087092,4,,,,,
44737,,,1457087104,5,,,,,
44737,,,1457087089,6,,,,,
44737,,,1457087094,7,,,,,
44737,,,1457087114,8,,,,,
44737,,,1649117787,9,,,,,
44737,,,1459256369,10,,,,,
44737,,,1457087074,11,,,,,
44737,,,1457087122,12,,,,,
44737,,,1459256372,13,,,,,
44737,,,1457087066,14,,,,,
44737,,,1459256365,15,,,,,
44737,,,1457087118,16,,,,,
44737,,,1450589838,17,,,,,
44737,,,1473023940,18,,,,,
44737,,,1432752479,19,,,,,
44737,17:28:00,17:28:00,43719878,20,,,,,
44738,17:33:00,17:33:00,72944878,0,,,,,
44738,,,2177867806,1,,,,,
44738,,,872980957,2,,,,,
44738,,,1639803069,3,,,,,
44738,,,1457087092,4,,,,,
44738,,,1457087104,5,,,,,
44738,,,1457087089,6,,,,,
44738,,,1457087094,7,,,,,
44738,,,1457087114,8,,,,,
44738,,,1649117787,9,,,,,
44738,,,1459256369,10,,,,,
44738,,,1457087074,11,,,,,
44738,,,1457087122,12,,,,,
44738,,,1459256372,13,,,,,
44738,,,1457087066,14,,,,,
44738,,,1459256365,15,,,,,
44738,,,1457087118,16,,,,,
44738,,,1450589838,17,,,,,
44738,,,1473023940,18,,,,,
44738,,,1432752479,19,,,,,
44738,17:58:00,17:58:00,43719878,20,,,,,
44739,18:03:00,18:03:00,72944878,0,,,,,
44739,,,2177867806,1,,,,,
44739,,,872980957,2,,,,,
44739,,,1639803069,3,,,,,
44739,,,1457087092,4,,,,,
44739,,,1457087104,5,,,,,
44739,,,1457087089,6,,,,,
44739,,,1457087094,7,,,,,
44739,,,1457087114,8,,,,,
44739,,,1649117787,9,,,,,
44739,,,1459256369,10,,,,,
44739,,,1457087074,11,,,,,
44739,,,1457087122,12,,,,,
44739,,,1459256372,13,,,,,
44739,,,1457087066,14,,,,,
44739,,,1459256365,15,,,,,
44739,,,1457087118,16,,,,,
44739,,,1450589838,17,,,,,
44739,,,1473023940,18,,,,,
44739,,,1432752479,19,,,,,
44739,18:28:00,18:28:00,43719878,20,,,,,
44740,18:33:00,18:33:00,72944878,0,,,,,
44740,,,2177867806,1,,,,,
44740,,,872980957,2,,,,,
44740,,,1639803069,3,,,,,
44740,,,1457087092,4,,,,,
44740,,,1457087104,5,,,,,
44740,,,1457087089,6,,,,,
44740,,,1457087094,7,,,,,
44740,,,1457087114,8,,,,,
44740,,,1649117787,9,,,,,
44740,,,1459256369,10,,,,,
44740,,,1457087074,11,,,,,
44740,,,1457087122,12,,,,,
44740,,,1459256372,13,,,,,
44740,,,1457087066,14,,,,,
44740,,,1459256365,15,,,,,
44740,,,1457087118,16,,,,,
44740,,,1450589838,17,,,,,
44740,,,1473023940,18,,,,,
44740,,,1432752479,19,,,,,
44740,18:58:00,18:58:00,43719878,20,,,,,
44741,19:03:00,19:03:00,72944878,0,,,,,
44741,,,2177867806,1,,,,,
44741,,,872980957,2,,,,,
44741,,,1639803069,3,,,,,
44741,,,1457087092,4,,,,,
44741,,,1457087104,5,,,,,
44741,,,1457087089,6,,,,,
44741,,,1457087094,7,,,,,
44741,,,1457087114,8,,,,,
44741,,,1649117787,9,,,,,
44741,,,1459256369,10,,,,,
44741,,,1457087074,11,,,,,
44741,,,1457087122,12,,,,,
44741,,,1459256372,13,,,,,
44741,,,1457087066,14,,,,,
44741,,,1459256365,15,,,,,
44741,,,1457087118,16,,,,,
44741,,,1450589838,17,,,,,
44741,,,1473023940,18,,,,,
44741,,,1432752479,19,,,,,
44741,19:28:00,19:28:00,43719878,20,,,,,
44742,19:33:00,19:33:00,72944878,0,,,,,
44742,,,2177867806,1,,,,,
44742,,,872980957,2,,,,,
44742,,,1639803069,3,,,,,
44742,,,1457087092,4,,,,,
44742,,,1457087104,5,,,,,
44742,,,1457087089,6,,,,,
44742,,,1457087094,7,,,,,
44742,,,1457087114,8,,,,,
44742,,,1649117787,9,,,,,
44742,,,1459256369,10,,,,,
44742,,,1457087074,11,,,,,
44742,,,1457087122,12,,,,,
44742,,,1459256372,13,,,,,
44742,,,1457087066,14,,,,,
44742,,,1459256365,15,,,,,
44742,,,1457087118,16,,,,,
44742,,,1450589838,17,,,,,
44742,,,1473023940,18,,,,,
44742,,,1432752479,19,,,,,
44742,19:58:00,19:58:00,43719878,20,,,,,
44743,20:03:00,20:03:00,72944878,0,,,,,
44743,,,2177867806,1,,,,,
44743,,,872980957,2,,,,,
44743,,,1639803069,3,,,,,
44743,,,1457087092,4,,,,,
44743,,,1457087104,5,,,,,
44743,,,1457087089,6,,,,,
44743,,,1457087094,7,,,,,
44743,,,1457087114,8,,,,,
44743,,,1649117787,9,,,,,
44743,,,1459256369,10,,,,,
44743,,,1457087074,11,,,,,
44743,,,1457087122,12,,,,,
44743,,,1459256372,13,,,,,
44743,,,1457087066,14,,,,,
44743,,,1459256365,15,,,,,
44743,,,1457087118,16,,,,,
44743,,,1450589838,17,,,,,
44743,,,1473023940,18,,,,,
44743,,,1432752479,19,,,,,
44743,20:28:00,20:28:00,43719878,20,,,,,
44744,20:33:00,20:33:00,72944878,0,,,,,
44744,,,2177867806,1,,,,,
44744,,,872980957,2,,,,,
44744,,,1639803069,3,,,,,
44744,,,1457087092,4,,,,,
44744,,,1457087104,5,,,,,
44744,,,1457087089,6,,,,,
44744,,,1457087094,7,,,,,
44744,,,1457087114,8,,,,,
44744,,,1649117787,9,,,,,
44744,,,1459256369,10,,,,,
44744,,,1457087074,11,,,,,
44744,,,1457087122,12,,,,,
44744,,,1459256372,13,,,,,
44744,,,1457087066,14,,,,,
44744,,,1459256365,15,,,,,
44744,,,1457087118,16,,,,,
44744,,,1450589838,17,,,,,
44744,,,1473023940,18,,,,,
44744,,,1432752479,19,,,,,
44744,20:58:00,20:58:00,43719878,20,,,,,
44745,21:03:00,21:03:00,72944878,0,,,,,
44745,,,2177867806,1,,,,,
44745,,,872980957,2,,,,,
44745,,,1639803069,3,,,,,
44745,,,1457087092,4,,,,,
44745,,,1457087104,5,,,,,
44745,,,1457087089,6,,,,,
44745,,,1457087094,7,,,,,
44745,,,1457087114,8,,,,,
44745,,,1649117787,9,,,,,
44745,,,1459256369,10,,,,,
44745,,,1457087074,11,,,,,
44745,,,1457087122,12,,,,,
44745,,,1459256372,13,,,,,
44745,,,1457087066,14,,,,,
44745,,,1459256365,15,,,,,
44745,,,1457087118,16,,,,,
44745,,,1450589838,17,,,,,
44745,,,1473023940,18,,,,,
44745,,,1432752479,19,,,,,
44745,21:28:00,21:28:00,43719878,20,,,,,
44746,21:33:00,21:33:00,72944878,0,,,,,
44746,,,2177867806,1,,,,,
44746,,,872980957,2,,,,,
44746,,,1639803069,3,,,,,
44746,,,1457087092,4,,,,,
44746,,,1457087104,5,,,,,
44746,,,1457087089,6,,,,,
44746,,,1457087094,7,,,,,
44746,,,1457087114,8,,,,,
44746,,,1649117787,9,,,,,
44746,,,1459256369,10,,,,,
44746,,,1457087074,11,,,,,
44746,,,1457087122,12,,,,,
44746,,,1459256372,13,,,,,
44746,,,1457087066,14,,,,,
44746,,,1459256365,15,,,,,
44746,,,1457087118,16,,,,,
44746,,,1450589838,17,,,,,
44746,,,1473023940,18,,,,,
44746,,,1432752479,19,,,,,
44746,21:58:00,21:58:00,43719878,20,,,,,
44747,22:03:00,22:03:00,72944878,0,,,,,
44747,,,2177867806,1,,,,,
44747,,,872980957,2,,,,,
44747,,,1639803069,3,,,,,
44747,,,1457087092,4,,,,,
44747,,,1457087104,5,,,,,
44747,,,1457087089,6,,,,,
44747,,,1457087094,7,,,,,
44747,,,1457087114,8,,,,,
44747,,,1649117787,9,,,,,
44747,,,1459256369,10,,,,,
44747,,,1457087074,11,,,,,
44747,,,1457087122,12,,,,,
44747,,,1459256372,13,,,,,
44747,,,1457087066,14,,,,,
44747,,,1459256365,15,,,,,
44747,,,1457087118,16,,,,,
44747,,,1450589838,17,,,,,
44747,,,1473023940,18,,,,,
44747,,,1432752479,19,,,,,
44747,22:28:00,22:28:00,43719878,20,,,,,
44748,22:31:00,22:31:00,72944878,0,,,,,
44748,,,2177867806,1,,,,,
44748,,,872980957,2,,,,,
44748,,,1639803069,3,,,,,
44748,,,1457087092,4,,,,,
44748,,,1457087104,5,,,,,
44748,,,1457087089,6,,,,,
44748,,,1457087094,7,,,,,
44748,,,1457087114,8,,,,,
44748,,,1649117787,9,,,,,
44748,,,1459256369,10,,,,,
44748,,,1457087074,11,,,,,
44748,,,1457087122,12,,,,,
44748,,,1459256372,13,,,,,
44748,,,1457087066,14,,,,,
44748,,,1459256365,15,,,,,
44748,,,1457087118,16,,,,,
44748,,,1450589838,17,,,,,
44748,,,1473023940,18,,,,,
44748,,,1432752479,19,,,,,
44748,22:56:00,22:56:00,43719878,20,,,,,
44749,23:01:00,23:01:00,72944878,0,,,,,
44749,,,2177867806,1,,,,,
44749,,,872980957,2,,,,,
44749,,,1639803069,3,,,,,
44749,,,1457087092,4,,,,,
44749,,,1457087104,5,,,,,
44749,,,1457087089,6,,,,,
44749,,,1457087094,7,,,,,
44749,,,1457087114,8,,,,,
44749,,,1649117787,9,,,,,
44749,,,1459256369,10,,,,,
44749,,,1457087074,11,,,,,
44749,,,1457087122,12,,,,,
44749,,,1459256372,13,,,,,
44749,,,1457087066,14,,,,,
44749,,,1459256365,15,,,,,
44749,,,1457087118,16,,,,,
44749,,,1450589838,17,,,,,
44749,,,1473023940,18,,,,,
44749,,,1432752479,19,,,,,
44749,23:26:00,23:26:00,43719878,20,,,,,
44750,23:31:00,23:31:00,72944878,0,,,,,
44750,,,2177867806,1,,,,,
44750,,,872980957,2,,,,,
44750,,,1639803069,3,,,,,
44750,,,1457087092,4,,,,,
44750,,,1457087104,5,,,,,
44750,,,1457087089,6,,,,,
44750,,,1457087094,7,,,,,
44750,,,1457087114,8,,,,,
44750,,,1649117787,9,,,,,
44750,,,1459256369,10,,,,,
44750,,,1457087074,11,,,,,
44750,,,1457087122,12,,,,,
44750,,,1459256372,13,,,,,
44750,,,1457087066,14,,,,,
44750,,,1459256365,15,,,,,
44750,,,1457087118,16,,,,,
44750,,,1450589838,17,,,,,
44750,,,1473023940,18,,,,,
44750,,,1432752479,19,,,,,
44750,23:56:00,23:56:00,43719878,20,,,,,
44791,05:30:00,05:30:00,72944878,0,,,,,
44791,,,2177867806,1,,,,,
44791,,,872980957,2,,,,,
44791,,,1639803069,3,,,,,
44791,,,1457087092,4,,,,,
44791,,,1457087104,5,,,,,
44791,,,1457087089,6,,,,,
44791,,,1457087094,7,,,,,
44791,,,1457087114,8,,,,,
44791,,,1649117787,9,,,,,
44791,,,1459256369,10,,,,,
44791,,,1457087074,11,,,,,
44791,,,1457087122,12,,,,,
44791,,,1459256372,13,,,,,
44791,,,1457087066,14,,,,,
44791,,,1459256365,15,,,,,
44791,,,1457087118,16,,,,,
44791,,,1450589838,17,,,,,
44791,,,1473023940,18,,,,,
44791,,,1432752479,19,,,,,
44791,05:55:00,05:55:00,43719878,20,,,,,
44792,05:55:00,05:55:00,72944878,0,,,,,
44792,,,2177867806,1,,,,,
44792,,,872980957,2,,,,,
44792,,,1639803069,3,,,,,
44792,,,1457087092,4,,,,,
44792,,,1457087104,5,,,,,
44792,,,1457087089,6,,,,,
44792,,,1457087094,7,,,,,
44792,,,1457087114,8,,,,,
44792,,,1649117787,9,,,,,
44792,,,1459256369,10,,,,,
44792,,,1457087074,11,,,,,
44792,,,1457087122,12,,,,,
44792,,,1459256372,13,,,,,
44792,,,1457087066,14,,,,,
44792,,,1459256365,15,,,,,
44792,,,1457087118,16,,,,,
44792,,,1450589838,17,,,,,
44792,,,1473023940,18,,,,,
44792,,,1432752479,19,,,,,
44792,06:20:00,06:20:00,43719878,20,,,,,
44793,06:19:00,06:19:00,72944878,0,,,,,
44793,,,2177867806,1,,,,,
44793,,,872980957,2,,,,,
44793,,,1639803069,3,,,,,
44793,,,1457087092,4,,,,,
44793,,,1457087104,5,,,,,
44793,,,1457087089,6,,,,,
44793,,,1457087094,7,,,,,
44793,,,1457087114,8,,,,,
44793,,,1649117787,9,,,,,
44793,,,1459256369,10,,,,,
44793,,,1457087074,11,,,,,
44793,,,1457087122,12,,,,,
44793,,,1459256372,13,,,,,
44793,,,1457087066,14,,,,,
44793,,,1459256365,15,,,,,
44793,,,1457087118,16,,,,,
44793,,,1450589838,17,,,,,
44793,,,1473023940,18,,,,,
44793,,,1432752479,19,,,,,
44793,06:44:00,06:44:00,43719878,20,,,,,
44794,06:50:00,06:50:00,72944878,0,,,,,
44794,,,2177867806,1,,,,,
44794,,,872980957,2,,,,,
44794,,,1639803069,3,,,,,
44794,,,1457087092,4,,,,,
44794,,,1457087104,5,,,,,
44794,,,1457087089,6,,,,,
44794,,,1457087094,7,,,,,
44794,,,1457087114,8,,,,,
44794,,,1649117787,9,,,,,
44794,,,1459256369,10,,,,,
44794,,,1457087074,11,,,,,
44794,,,1457087122,12,,,,,
44794,,,1459256372,13,,,,,
44794,,,1457087066,14,,,,,
44794,,,1459256365,15,,,,,
44794,,,1457087118,16,,,,,
44794,,,1450589838,17,,,,,
44794,,,1473023940,18,,,,,
44794,,,1432752479,19,,,,,
44794,07:15:00,07:15:00,43719878,20,,,,,
44795,07:20:00,07:20:00,72944878,0,,,,,
44795,,,2177867806,1,,,,,
44795,,,872980957,2,,,,,
44795,,,1639803069,3,,,,,
44795,,,1457087092,4,,,,,
44795,,,1457087104,5,,,,,
44795,,,1457087089,6,,,,,
44795,,,1457087094,7,,,,,
44795,,,1457087114,8,,,,,
44795,,,1649117787,9,,,,,
44795,,,1459256369,10,,,,,
44795,,,1457087074,11,,,,,
44795,,,1457087122,12,,,,,
44795,,,1459256372,13,,,,,
44795,,,1457087066,14,,,,,
44795,,,1459256365,15,,,,,
44795,,,1457087118,16,,,,,
44795,,,1450589838,17,,,,,
44795,,,1473023940,18,,,,,
44795,,,1432752479,19,,,,,
44795,07:45:00,07:45:00,43719878,20,,,,,
44796,07:50:00,07:50:00,72944878,0,,,,,
44796,,,2177867806,1,,,,,
44796,,,872980957,2,,,,,
44796,,,1639803069,3,,,,,
44796,,,1457087092,4,,,,,
44796,,,1457087104,5,,,,,
44796,,,1457087089,6,,,,,
44796,,,1457087094,7,,,,,
44796,,,1457087114,8,,,,,
44796,,,1649117787,9,,,,,
44796,,,1459256369,10,,,,,
44796,,,1457087074,11,,,,,
44796,,,1457087122,12,,,,,
44796,,,1459256372,13,,,,,
44796,,,1457087066,14,,,,,
44796,,,1459256365,15,,,,,
44796,,,1457087118,16,,,,,
44796,,,1450589838,17,,,,,
44796,,,1473023940,18,,,,,
44796,,,1432752479,19,,,,,
44796,08:15:00,08:15:00,43719878,20,,,,,
44797,08:20:00,08:20:00,72944878,0,,,,,
44797,,,2177867806,1,,,,,
44797,,,872980957,2,,,,,
44797,,,1639803069,3,,,,,
44797,,,1457087092,4,,,,,
44797,,,1457087104,5,,,,,
44797,,,1457087089,6,,,,,
44797,,,1457087094,7,,,,,
44797,,,1457087114,8,,,,,
44797,,,1649117787,9,,,,,
44797,,,1459256369,10,,,,,
44797,,,1457087074,11,,,,,
44797,,,1457087122,12,,,,,
44797,,,1459256372,13,,,,,
44797,,,1457087066,14,,,,,
44797,,,1459256365,15,,,,,
44797,,,1457087118,16,,,,,
44797,,,1450589838,17,,,,,
44797,,,1473023940,18,,,,,
44797,,,1432752479,19,,,,,
44797,08:45:00,08:45:00,43719878,20,,,,,
44798,08:51:00,08:51:00,72944878,0,,,,,
44798,,,2177867806,1,,,,,
44798,,,872980957,2,,,,,
44798,,,1639803069,3,,,,,
44798,,,1457087092,4,,,,,
44798,,,1457087104,5,,,,,
44798,,,1457087089,6,,,,,
44798,,,1457087094,7,,,,,
44798,,,1457087114,8,,,,,
44798,,,1649117787,9,,,,,
44798,,,1459256369,10,,,,,
44798,,,1457087074,11,,,,,
44798,,,1457087122,12,,,,,
44798,,,1459256372,13,,,,,
44798,,,1457087066,14,,,,,
44798,,,1459256365,15,,,,,
44798,,,1457087118,16,,,,,
44798,,,1450589838,17,,,,,
44798,,,1473023940,18,,,,,
44798,,,1432752479,19,,,,,
44798,09:16:00,09:16:00,43719878,20,,,,,
44799,09:21:00,09:21:00,72944878,0,,,,,
44799,,,2177867806,1,,,,,
44799,,,872980957,2,,,,,
44799,,,1639803069,3,,,,,
44799,,,1457087092,4,,,,,
44799,,,1457087104,5,,,,,
44799,,,1457087089,6,,,,,
44799,,,1457087094,7,,,,,
44799,,,1457087114,8,,,,,
44799,,,1649117787,9,,,,,
44799,,,1459256369,10,,,,,
44799,,,1457087074,11,,,,,
44799,,,1457087122,12,,,,,
44799,,,1459256372,13,,,,,
44799,,,1457087066,14,,,,,
44799,,,1459256365,15,,,,,
44799,,,1457087118,16,,,,,
44799,,,1450589838,17,,,,,
44799,,,1473023940,18,,,,,
44799,,,1432752479,19,,,,,
44799,09:46:00,09:46:00,43719878,20,,,,,
44800,09:51:00,09:51:00,72944878,0,,,,,
44800,,,2177867806,1,,,,,
44800,,,872980957,2,,,,,
44800,,,1639803069,3,,,,,
44800,,,1457087092,4,,,,,
44800,,,1457087104,5,,,,,
44800,,,1457087089,6,,,,,
44800,,,1457087094,7,,,,,
44800,,,1457087114,8,,,,,
44800,,,1649117787,9,,,,,
44800,,,1459256369,10,,,,,
44800,,,1457087074,11,,,,,
44800,,,1457087122,12,,,,,
44800,,,1459256372,13,,,,,
44800,,,1457087066,14,,,,,
44800,,,1459256365,15,,,,,
44800,,,1457087118,16,,,,,
44800,,,1450589838,17,,,,,
44800,,,1473023940,18,,,,,
44800,,,1432752479,19,,,,,
44800,10:16:00,10:16:00,43719878,20,,,,,
44801,10:21:00,10:21:00,72944878,0,,,,,
44801,,,2177867806,1,,,,,
44801,,,872980957,2,,,,,
44801,,,1639803069,3,,,,,
44801,,,1457087092,4,,,,,
44801,,,1457087104,5,,,,,
44801,,,1457087089,6,,,,,
44801,,,1457087094,7,,,,,
44801,,,1457087114,8,,,,,
44801,,,1649117787,9,,,,,
44801,,,1459256369,10,,,,,
44801,,,1457087074,11,,,,,
44801,,,1457087122,12,,,,,
44801,,,1459256372,13,,,,,
44801,,,1457087066,14,,,,,
44801,,,1459256365,15,,,,,
44801,,,1457087118,16,,,,,
44801,,,1450589838,17,,,,,
44801,,,1473023940,18,,,,,
44801,,,1432752479,19,,,,,
44801,10:46:00,10:46:00,43719878,20,,,,,
44802,10:51:00,10:51:00,72944878,0,,,,,
44802,,,2177867806,1,,,,,
44802,,,872980957,2,,,,,
44802,,,1639803069,3,,,,,
44802,,,1457087092,4,,,,,
44802,,,1457087104,5,,,,,
44802,,,1457087089,6,,,,,
44802,,,1457087094,7,,,,,
44802,,,1457087114,8,,,,,
44802,,,1649117787,9,,,,,
44802,,,1459256369,10,,,,,
44802,,,1457087074,11,,,,,
44802,,,1457087122,12,,,,,
44802,,,1459256372,13,,,,,
44802,,,1457087066,14,,,,,
44802,,,1459256365,15,,,,,
44802,,,1457087118,16,,,,,
44802,,,1450589838,17,,,,,
44802,,,1473023940,18,,,,,
44802,,,1432752479,19,,,,,
44802,11:16:00,11:16:00,43719878,20,,,,,
44803,11:21:00,11:21:00,72944878,0,,,,,
44803,,,2177867806,1,,,,,
44803,,,872980957,2,,,,,
44803,,,1639803069,3,,,,,
44803,,,1457087092,4,,,,,
44803,,,1457087104,5,,,,,
44803,,,1457087089,6,,,,,
44803,,,1457087094,7,,,,,
44803,,,1457087114,8,,,,,
44803,,,1649117787,9,,,,,
44803,,,1459256369,10,,,,,
44803,,,1457087074,11,,,,,
44803,,,1457087122,12,,,,,
44803,,,1459256372,13,,,,,
44803,,,1457087066,14,,,,,
44803,,,1459256365,15,,,,,
44803,,,1457087118,16,,,,,
44803,,,1450589838,17,,,,,
44803,,,1473023940,18,,,,,
44803,,,1432752479,19,,,,,
44803,11:46:00,11:46:00,43719878,20,,,,,
44804,11:51:00,11:51:00,72944878,0,,,,,
44804,,,2177867806,1,,,,,
44804,,,872980957,2,,,,,
44804,,,1639803069,3,,,,,
44804,,,1457087092,4,,,,,
44804,,,1457087104,5,,,,,
44804,,,1457087089,6,,,,,
44804,,,1457087094,7,,,,,
44804,,,1457087114,8,,,,,
44804,,,1649117787,9,,,,,
44804,,,1459256369,10,,,,,
44804,,,1457087074,11,,,,,
44804,,,1457087122,12,,,,,
44804,,,1459256372,13,,,,,
44804,,,1457087066,14,,,,,
44804,,,1459256365,15,,,,,
44804,,,1457087118,16,,,,,
44804,,,1450589838,17,,,,,
44804,,,1473023940,18,,,,,
44804,,,1432752479,19,,,,,
44804,12:16:00,12:16:00,43719878,20,,,,,
44805,00:21:00,00:21:00,72944878,0,,,,,
44805,,,2177867806,1,,,,,
44805,,,872980957,2,,,,,
44805,,,1639803069,3,,,,,
44805,,,1457087092,4,,,,,
44805,,,1457087104,5,,,,,
44805,,,1457087089,6,,,,,
44805,,,1457087094,7,,,,,
44805,,,1457087114,8,,,,,
44805,,,1649117787,9,,,,,
44805,,,1459256369,10,,,,,
44805,,,1457087074,11,,,,,
44805,,,1457087122,12,,,,,
44805,,,1459256372,13,,,,,
44805,,,1457087066,14,,,,,
44805,,,1459256365,15,,,,,
44805,,,1457087118,16,,,,,
44805,,,1450589838,17,,,,,
44805,,,1473023940,18,,,,,
44805,,,1432752479,19,,,,,
44805,00:46:00,00:46:00,43719878,20,,,,,
44806,00:51:00,00:51:00,72944878,0,,,,,
44806,,,2177867806,1,,,,,
44806,,,872980957,2,,,,,
44806,,,1639803069,3,,,,,
44806,,,1457087092,4,,,,,
44806,,,1457087104,5,,,,,
44806,,,1457087089,6,,,,,
44806,,,1457087094,7,,,,,
44806,,,1457087114,8,,,,,
44806,,,1649117787,9,,,,,
44806,,,1459256369,10,,,,,
44806,,,1457087074,11,,,,,
44806,,,1457087122,12,,,,,
44806,,,1459256372,13,,,,,
44806,,,1457087066,14,,,,,
44806,,,1459256365,15,,,,,
44806,,,1457087118,16,,,,,
44806,,,1450589838,17,,,,,
44806,,,1473023940,18,,,,,
44806,,,1432752479,19,,,,,
44806,01:16:00,01:16:00,43719878,20,,,,,
44807,13:21:00,13:21:00,72944878,0,,,,,
44807,,,2177867806,1,,,,,
44807,,,872980957,2,,,,,
44807,,,1639803069,3,,,,,
44807,,,1457087092,4,,,,,
44807,,,1457087104,5,,,,,
44807,,,1457087089,6,,,,,
44807,,,1457087094,7,,,,,
44807,,,1457087114,8,,,,,
44807,,,1649117787,9,,,,,
44807,,,1459256369,10,,,,,
44807,,,1457087074,11,,,,,
44807,,,1457087122,12,,,,,
44807,,,1459256372,13,,,,,
44807,,,1457087066,14,,,,,
44807,,,1459256365,15,,,,,
44807,,,1457087118,16,,,,,
44807,,,1450589838,17,,,,,
44807,,,1473023940,18,,,,,
44807,,,1432752479,19,,,,,
44807,13:46:00,13:46:00,43719878,20,,,,,
44808,13:51:00,13:51:00,72944878,0,,,,,
44808,,,2177867806,1,,,,,
44808,,,872980957,2,,,,,
44808,,,1639803069,3,,,,,
44808,,,1457087092,4,,,,,
44808,,,1457087104,5,,,,,
44808,,,1457087089,6,,,,,
44808,,,1457087094,7,,,,,
44808,,,1457087114,8,,,,,
44808,,,1649117787,9,,,,,
44808,,,1459256369,10,,,,,
44808,,,1457087074,11,,,,,
44808,,,1457087122,12,,,,,
44808,,,1459256372,13,,,,,
44808,,,1457087066,14,,,,,
44808,,,1459256365,15,,,,,
44808,,,1457087118,16,,,,,
44808,,,1450589838,17,,,,,
44808,,,1473023940,18,,,,,
44808,,,1432752479,19,,,,,
44808,14:16:00,14:16:00,43719878,20,,,,,
44809,14:21:00,14:21:00,72944878,0,,,,,
44809,,,2177867806,1,,,,,
44809,,,872980957,2,,,,,
44809,,,1639803069,3,,,,,
44809,,,1457087092,4,,,,,
44809,,,1457087104,5,,,,,
44809,,,1457087089,6,,,,,
44809,,,1457087094,7,,,,,
44809,,,1457087114,8,,,,,
44809,,,1649117787,9,,,,,
44809,,,1459256369,10,,,,,
44809,,,1457087074,11,,,,,
44809,,,1457087122,12,,,,,
44809,,,1459256372,13,,,,,
44809,,,1457087066,14,,,,,
44809,,,1459256365,15,,,,,
44809,,,1457087118,16,,,,,
44809,,,1450589838,17,,,,,
44809,,,1473023940,18,,,,,
44809,,,1432752479,19,,,,,
44809,14:46:00,14:46:00,43719878,20,,,,,
44810,14:51:00,14:51:00,72944878,0,,,,,
44810,,,2177867806,1,,,,,
44810,,,872980957,2,,,,,
44810,,,1639803069,3,,,,,
44810,,,1457087092,4,,,,,
44810,,,1457087104,5,,,,,
44810,,,1457087089,6,,,,,
44810,,,1457087094,7,,,,,
44810,,,1457087114,8,,,,,
44810,,,1649117787,9,,,,,
44810,,,1459256369,10,,,,,
44810,,,1457087074,11,,,,,
44810,,,1457087122,12,,,,,
44810,,,1459256372,13,,,,,
44810,,,1457087066,14,,,,,
44810,,,1459256365,15,,,,,
44810,,,1457087118,16,,,,,
44810,,,1450589838,17,,,,,
44810,,,1473023940,18,,,,,
44810,,,1432752479,19,,,,,
44810,15:16:00,15:16:00,43719878,20,,,,,
44811,15:21:00,15:21:00,72944878,0,,,,,
44811,,,2177867806,1,,,,,
44811,,,872980957,2,,,,,
44811,,,1639803069,3,,,,,
44811,,,1457087092,4,,,,,
44811,,,1457087104,5,,,,,
44811,,,1457087089,6,,,,,
44811,,,1457087094,7,,,,,
44811,,,1457087114,8,,,,,
44811,,,1649117787,9,,,,,
44811,,,1459256369,10,,,,,
44811,,,1457087074,11,,,,,
44811,,,1457087122,12,,,,,
44811,,,1459256372,13,,,,,
44811,,,1457087066,14,,,,,
44811,,,1459256365,15,,,,,
44811,,,1457087118,16,,,,,
44811,,,1450589838,17,,,,,
44811,,,1473023940,18,,,,,
44811,,,1432752479,19,,,,,
44811,15:46:00,15:46:00,43719878,20,,,,,
44812,15:51:00,15:51:00,72944878,0,,,,,
44812,,,2177867806,1,,,,,
44812,,,872980957,2,,,,,
44812,,,1639803069,3,,,,,
44812,,,1457087092,4,,,,,
44812,,,1457087104,5,,,,,
44812,,,1457087089,6,,,,,
44812,,,1457087094,7,,,,,
44812,,,1457087114,8,,,,,
44812,,,1649117787,9,,,,,
44812,,,1459256369,10,,,,,
44812,,,1457087074,11,,,,,
44812,,,1457087122,12,,,,,
44812,,,1459256372,13,,,,,
44812,,,1457087066,14,,,,,
44812,,,1459256365,15,,,,,
44812,,,1457087118,16,,,,,
44812,,,1450589838,17,,,,,
44812,,,1473023940,18,,,,,
44812,,,1432752479,19,,,,,
44812,16:16:00,16:16:00,43719878,20,,,,,
44813,16:21:00,16:21:00,72944878,0,,,,,
44813,,,2177867806,1,,,,,
44813,,,872980957,2,,,,,
44813,,,1639803069,3,,,,,
44813,,,1457087092,4,,,,,
44813,,,1457087104,5,,,,,
44813,,,1457087089,6,,,,,
44813,,,1457087094,7,,,,,
44813,,,1457087114,8,,,,,
44813,,,1649117787,9,,,,,
44813,,,1459256369,10,,,,,
44813,,,1457087074,11,,,,,
44813,,,1457087122,12,,,,,
44813,,,1459256372,13,,,,,
44813,,,1457087066,14,,,,,
44813,,,1459256365,15,,,,,
44813,,,1457087118,16,,,,,
44813,,,1450589838,17,,,,,
44813,,,1473023940,18,,,,,
44813,,,1432752479,19,,,,,
44813,16:46:00,16:46:00,43719878,20,,,,,
44814,16:52:00,16:52:00,72944878,0,,,,,
44814,,,2177867806,1,,,,,
44814,,,872980957,2,,,,,
44814,,,1639803069,3,,,,,
44814,,,1457087092,4,,,,,
44814,,,1457087104,5,,,,,
44814,,,1457087089,6,,,,,
44814,,,1457087094,7,,,,,
44814,,,1457087114,8,,,,,
44814,,,1649117787,9,,,,,
44814,,,1459256369,10,,,,,
44814,,,1457087074,11,,,,,
44814,,,1457087122,12,,,,,
44814,,,1459256372,13,,,,,
44814,,,1457087066,14,,,,,
44814,,,1459256365,15,,,,,
44814,,,1457087118,16,,,,,
44814,,,1450589838,17,,,,,
44814,,,1473023940,18,,,,,
44814,,,1432752479,19,,,,,
44814,17:17:00,17:17:00,43719878,20,,,,,
44815,17:22:00,17:22:00,72944878,0,,,,,
44815,,,2177867806,1,,,,,
44815,,,872980957,2,,,,,
44815,,,1639803069,3,,,,,
44815,,,1457087092,4,,,,,
44815,,,1457087104,5,,,,,
44815,,,1457087089,6,,,,,
44815,,,1457087094,7,,,,,
44815,,,1457087114,8,,,,,
44815,,,1649117787,9,,,,,
44815,,,1459256369,10,,,,,
44815,,,1457087074,11,,,,,
44815,,,1457087122,12,,,,,
44815,,,1459256372,13,,,,,
44815,,,1457087066,14,,,,,
44815,,,1459256365,15,,,,,
44815,,,1457087118,16,,,,,
44815,,,1450589838,17,,,,,
44815,,,1473023940,18,,,,,
44815,,,1432752479,19,,,,,
44815,17:47:00,17:47:00,43719878,20,,,,,
44816,17:52:00,17:52:00,72944878,0,,,,,
44816,,,2177867806,1,,,,,
44816,,,872980957,2,,,,,
44816,,,1639803069,3,,,,,
44816,,,1457087092,4,,,,,
44816,,,1457087104,5,,,,,
44816,,,1457087089,6,,,,,
44816,,,1457087094,7,,,,,
44816,,,1457087114,8,,,,,
44816,,,1649117787,9,,,,,
44816,,,1459256369,10,,,,,
44816,,,1457087074,11,,,,,
44816,,,1457087122,12,,,,,
44816,,,1459256372,13,,,,,
44816,,,1457087066,14,,,,,
44816,,,1459256365,15,,,,,
44816,,,1457087118,16,,,,,
44816,,,1450589838,17,,,,,
44816,,,1473023940,18,,,,,
44816,,,1432752479,19,,,,,
44816,18:17:00,18:17:00,43719878,20,,,,,
44817,18:22:00,18:22:00,72944878,0,,,,,
44817,,,2177867806,1,,,,,
44817,,,872980957,2,,,,,
44817,,,1639803069,3,,,,,
44817,,,1457087092,4,,,,,
44817,,,1457087104,5,,,,,
44817,,,1457087089,6,,,,,
44817,,,1457087094,7,,,,,
44817,,,1457087114,8,,,,,
44817,,,1649117787,9,,,,,
44817,,,1459256369,10,,,,,
44817,,,1457087074,11,,,,,
44817,,,1457087122,12,,,,,
44817,,,1459256372,13,,,,,
44817,,,1457087066,14,,,,,
44817,,,1459256365,15,,,,,
44817,,,1457087118,16,,,,,
44817,,,1450589838,17,,,,,
44817,,,1473023940,18,,,,,
44817,,,1432752479,19,,,,,
44817,18:47:00,18:47:00,43719878,20,,,,,
44818,18:52:00,18:52:00,72944878,0,,,,,
44818,,,2177867806,1,,,,,
44818,,,872980957,2,,,,,
44818,,,1639803069,3,,,,,
44818,,,1457087092,4,,,,,
44818,,,1457087104,5,,,,,
44818,,,1457087089,6,,,,,
44818,,,1457087094,7,,,,,
44818,,,1457087114,8,,,,,
44818,,,1649117787,9,,,,,
44818,,,1459256369,10,,,,,
44818,,,1457087074,11,,,,,
44818,,,1457087122,12,,,,,
44818,,,1459256372,13,,,,,
44818,,,1457087066,14,,,,,
44818,,,1459256365,15,,,,,
44818,,,1457087118,16,,,,,
44818,,,1450589838,17,,,,,
44818,,,1473023940,18,,,,,
44818,,,1432752479,19,,,,,
44818,19:17:00,19:17:00,43719878,20,,,,,
44819,19:22:00,19:22:00,72944878,0,,,,,
44819,,,2177867806,1,,,,,
44819,,,872980957,2,,,,,
44819,,,1639803069,3,,,,,
44819,,,1457087092,4,,,,,
44819,,,1457087104,5,,,,,
44819,,,1457087089,6,,,,,
44819,,,1457087094,7,,,,,
44819,,,1457087114,8,,,,,
44819,,,1649117787,9,,,,,
44819,,,1459256369,10,,,,,
44819,,,1457087074,11,,,,,
44819,,,1457087122,12,,,,,
44819,,,1459256372,13,,,,,
44819,,,1457087066,14,,,,,
44819,,,1459256365,15,,,,,
44819,,,1457087118,16,,,,,
44819,,,1450589838,17,,,,,
44819,,,1473023940,18,,,,,
44819,,,1432752479,19,,,,,
44819,19:47:00,19:47:00,43719878,20,,,,,
44820,19:52:00,19:52:00,72944878,0,,,,,
44820,,,2177867806,1,,,,,
44820,,,872980957,2,,,,,
44820,,,1639803069,3,,,,,
44820,,,1457087092,4,,,,,
44820,,,1457087104,5,,,,,
44820,,,1457087089,6,,,,,
44820,,,1457087094,7,,,,,
44820,,,1457087114,8,,,,,
44820,,,1649117787,9,,,,,
44820,,,1459256369,10,,,,,
44820,,,1457087074,11,,,,,
44820,,,1457087122,12,,,,,
44820,,,1459256372,13,,,,,
44820,,,1457087066,14,,,,,
44820,,,1459256365,15,,,,,
44820,,,1457087118,16,,,,,
44820,,,1450589838,17,,,,,
44820,,,1473023940,18,,,,,
44820,,,1432752479,19,,,,,
44820,20:17:00,20:17:00,43719878,20,,,,,
44821,20:22:00,20:22:00,72944878,0,,,,,
44821,,,2177867806,1,,,,,
44821,,,872980957,2,,,,,
44821,,,1639803069,3,,,,,
44821,,,1457087092,4,,,,,
44821,,,1457087104,5,,,,,
44821,,,1457087089,6,,,,,
44821,,,1457087094,7,,,,,
44821,,,1457087114,8,,,,,
44821,,,1649117787,9,,,,,
44821,,,1459256369,10,,,,,
44821,,,1457087074,11,,,,,
44821,,,1457087122,12,,,,,
44821,,,1459256372,13,,,,,
44821,,,1457087066,14,,,,,
44821,,,1459256365,15,,,,,
44821,,,1457087118,16,,,,,
44821,,,1450589838,17,,,,,
44821,,,1473023940,18,,,,,
44821,,,1432752479,19,,,,,
44821,20:47:00,20:47:00,43719878,20,,,,,
44822,20:52:00,20:52:00,72944878,0,,,,,
44822,,,2177867806,1,,,,,
44822,,,872980957,2,,,,,
44822,,,1639803069,3,,,,,
44822,,,1457087092,4,,,,,
44822,,,1457087104,5,,,,,
44822,,,1457087089,6,,,,,
44822,,,1457087094,7,,,,,
44822,,,1457087114,8,,,,,
44822,,,1649117787,9,,,,,
44822,,,1459256369,10,,,,,
44822,,,1457087074,11,,,,,
44822,,,1457087122,12,,,,,
44822,,,1459256372,13,,,,,
44822,,,1457087066,14,,,,,
44822,,,1459256365,15,,,,,
44822,,,1457087118,16,,,,,
44822,,,1450589838,17,,,,,
44822,,,1473023940,18,,,,,
44822,,,1432752479,19,,,,,
44822,21:17:00,21:17:00,43719878,20,,,,,
44823,21:22:00,21:22:00,72944878,0,,,,,
44823,,,2177867806,1,,,,,
44823,,,872980957,2,,,,,
44823,,,1639803069,3,,,,,
44823,,,1457087092,4,,,,,
44823,,,1457087104,5,,,,,
44823,,,1457087089,6,,,,,
44823,,,1457087094,7,,,,,
44823,,,1457087114,8,,,,,
44823,,,1649117787,9,,,,,
44823,,,1459256369,10,,,,,
44823,,,1457087074,11,,,,,
44823,,,1457087122,12,,,,,
44823,,,1459256372,13,,,,,
44823,,,1457087066,14,,,,,
44823,,,1459256365,15,,,,,
44823,,,1457087118,16,,,,,
44823,,,1450589838,17,,,,,
44823,,,1473023940,18,,,,,
44823,,,1432752479,19,,,,,
44823,21:47:00,21:47:00,43719878,20,,,,,
44824,21:50:00,21:50:00,72944878,0,,,,,
44824,,,2177867806,1,,,,,
44824,,,872980957,2,,,,,
44824,,,1639803069,3,,,,,
44824,,,1457087092,4,,,,,
44824,,,1457087104,5,,,,,
44824,,,1457087089,6,,,,,
44824,,,1457087094,7,,,,,
44824,,,1457087114,8,,,,,
44824,,,1649117787,9,,,,,
44824,,,1459256369,10,,,,,
44824,,,1457087074,11,,,,,
44824,,,1457087122,12,,,,,
44824,,,1459256372,13,,,,,
44824,,,1457087066,14,,,,,
44824,,,1459256365,15,,,,,
44824,,,1457087118,16,,,,,
44824,,,1450589838,17,,,,,
44824,,,1473023940,18,,,,,
44824,,,1432752479,19,,,,,
44824,22:15:00,22:15:00,43719878,20,,,,,
44825,22:20:00,22:20:00,72944878,0,,,,,
44825,,,2177867806,1,,,,,
44825,,,872980957,2,,,,,
44825,,,1639803069,3,,,,,
44825,,,1457087092,4,,,,,
44825,,,1457087104,5,,,,,
44825,,,1457087089,6,,,,,
44825,,,1457087094,7,,,,,
44825,,,1457087114,8,,,,,
44825,,,1649117787,9,,,,,
44825,,,1459256369,10,,,,,
44825,,,1457087074,11,,,,,
44825,,,1457087122,12,,,,,
44825,,,1459256372,13,,,,,
44825,,,1457087066,14,,,,,
44825,,,1459256365,15,,,,,
44825,,,1457087118,16,,,,,
44825,,,1450589838,17,,,,,
44825,,,1473023940,18,,,,,
44825,,,1432752479,19,,,,,
44825,22:45:00,22:45:00,43719878,20,,,,,
44826,22:49:00,22:49:00,72944878,0,,,,,
44826,,,2177867806,1,,,,,
44826,,,872980957,2,,,,,
44826,,,1639803069,3,,,,,
44826,,,1457087092,4,,,,,
44826,,,1457087104,5,,,,,
44826,,,1457087089,6,,,,,
44826,,,1457087094,7,,,,,
44826,,,1457087114,8,,,,,
44826,,,1649117787,9,,,,,
44826,,,1459256369,10,,,,,
44826,,,1457087074,11,,,,,
44826,,,1457087122,12,,,,,
44826,,,1459256372,13,,,,,
44826,,,1457087066,14,,,,,
44826,,,1459256365,15,,,,,
44826,,,1457087118,16,,,,,
44826,,,1450589838,17,,,,,
44826,,,1473023940,18,,,,,
44826,,,1432752479,19,,,,,
44826,23:14:00,23:14:00,43719878,20,,,,,
44827,23:19:00,23:19:00,72944878,0,,,,,
44827,,,2177867806,1,,,,,
44827,,,872980957,2,,,,,
44827,,,1639803069,3,,,,,
44827,,,1457087092,4,,,,,
44827,,,1457087104,5,,,,,
44827,,,1457087089,6,,,,,
44827,,,1457087094,7,,,,,
44827,,,1457087114,8,,,,,
44827,,,1649117787,9,,,,,
44827,,,1459256369,10,,,,,
44827,,,1457087074,11,,,,,
44827,,,1457087122,12,,,,,
44827,,,1459256372,13,,,,,
44827,,,1457087066,14,,,,,
44827,,,1459256365,15,,,,,
44827,,,1457087118,16,,,,,
44827,,,1450589838,17,,,,,
44827,,,1473023940,18,,,,,
44827,,,1432752479,19,,,,,
44827,23:44:00,23:44:00,43719878,20,,,,,
44828,23:49:00,23:49:00,72944878,0,,,,,
44828,,,2177867806,1,,,,,
44828,,,872980957,2,,,,,
44828,,,1639803069,3,,,,,
44828,,,1457087092,4,,,,,
44828,,,1457087104,5,,,,,
44828,,,1457087089,6,,,,,
44828,,,1457087094,7,,,,,
44828,,,1457087114,8,,,,,
44828,,,1649117787,9,,,,,
44828,,,1459256369,10,,,,,
44828,,,1457087074,11,,,,,
44828,,,1457087122,12,,,,,
44828,,,1459256372,13,,,,,
44828,,,1457087066,14,,,,,
44828,,,1459256365,15,,,,,
44828,,,1457087118,16,,,,,
44828,,,1450589838,17,,,,,
44828,,,1473023940,18,,,,,
44828,,,1432752479,19,,,,,
44828,00:14:00,00:14:00,43719878,20,,,,,
