trip_id,arrival_time,departure_time,stop_id,stop_sequence,stop_headsign,pickup_type,drop_off_type,shape_dist_traveled,timepoint
32943,05:18:00,05:18:00,2177867806,0,,,,,
32943,,,872980957,1,,,,,
32943,,,1639803069,2,,,,,
32943,,,1457087092,3,,,,,
32943,,,1457087104,4,,,,,
32943,,,1457087089,5,,,,,
32943,,,1457087094,6,,,,,
32943,,,1457087114,7,,,,,
32943,,,1649117787,8,,,,,
32943,,,1459256369,9,,,,,
32943,,,1457087074,10,,,,,
32943,,,1457087122,11,,,,,
32943,,,1459256372,12,,,,,
32943,,,1457087066,13,,,,,
32943,,,1459256365,14,,,,,
32943,,,1457087118,15,,,,,
32943,,,1450589838,16,,,,,
32943,,,1473023940,17,,,,,
32943,05:43:00,05:43:00,1432752479,18,,,,,
32944,05:52:00,05:52:00,2177867806,0,,,,,
32944,,,872980957,1,,,,,
32944,,,1639803069,2,,,,,
32944,,,1457087092,3,,,,,
32944,,,1457087104,4,,,,,
32944,,,1457087089,5,,,,,
32944,,,1457087094,6,,,,,
32944,,,1457087114,7,,,,,
32944,,,1649117787,8,,,,,
32944,,,1459256369,9,,,,,
32944,,,1457087074,10,,,,,
32944,,,1457087122,11,,,,,
32944,,,1459256372,12,,,,,
32944,,,1457087066,13,,,,,
32944,,,1459256365,14,,,,,
32944,,,1457087118,15,,,,,
32944,,,1450589838,16,,,,,
32944,,,1473023940,17,,,,,
32944,06:17:00,06:17:00,1432752479,18,,,,,
32945,06:08:00,06:08:00,2177867806,0,,,,,
32945,,,872980957,1,,,,,
32945,,,1639803069,2,,,,,
32945,,,1457087092,3,,,,,
32945,,,1457087104,4,,,,,
32945,,,1457087089,5,,,,,
32945,,,1457087094,6,,,,,
32945,,,1457087114,7,,,,,
32945,,,1649117787,8,,,,,
32945,,,1459256369,9,,,,,
32945,,,1457087074,10,,,,,
32945,,,1457087122,11,,,,,
32945,,,1459256372,12,,,,,
32945,,,1457087066,13,,,,,
32945,,,1459256365,14,,,,,
32945,,,1457087118,15,,,,,
32945,,,1450589838,16,,,,,
32945,,,1473023940,17,,,,,
32945,06:33:00,06:33:00,1432752479,18,,,,,
32946,06:26:00,06:26:00,2177867806,0,,,,,
32946,,,872980957,1,,,,,
32946,,,1639803069,2,,,,,
32946,,,1457087092,3,,,,,
32946,,,1457087104,4,,,,,
32946,,,1457087089,5,,,,,
32946,,,1457087094,6,,,,,
32946,,,1457087114,7,,,,,
32946,,,1649117787,8,,,,,
32946,,,1459256369,9,,,,,
32946,,,1457087074,10,,,,,
32946,,,1457087122,11,,,,,
32946,,,1459256372,12,,,,,
32946,,,1457087066,13,,,,,
32946,,,1459256365,14,,,,,
32946,,,1457087118,15,,,,,
32946,,,1450589838,16,,,,,
32946,,,1473023940,17,,,,,
32946,06:51:00,06:51:00,1432752479,18,,,,,
32947,06:45:00,06:45:00,2177867806,0,,,,,
32947,,,872980957,1,,,,,
32947,,,1639803069,2,,,,,
32947,,,1457087092,3,,,,,
32947,,,1457087104,4,,,,,
32947,,,1457087089,5,,,,,
32947,,,1457087094,6,,,,,
32947,,,1457087114,7,,,,,
32947,,,1649117787,8,,,,,
32947,,,1459256369,9,,,,,
32947,,,1457087074,10,,,,,
32947,,,1457087122,11,,,,,
32947,,,1459256372,12,,,,,
32947,,,1457087066,13,,,,,
32947,,,1459256365,14,,,,,
32947,,,1457087118,15,,,,,
32947,,,1450589838,16,,,,,
32947,,,1473023940,17,,,,,
32947,07:10:00,07:10:00,1432752479,18,,,,,
32948,07:01:00,07:01:00,2177867806,0,,,,,
32948,,,872980957,1,,,,,
32948,,,1639803069,2,,,,,
32948,,,1457087092,3,,,,,
32948,,,1457087104,4,,,,,
32948,,,1457087089,5,,,,,
32948,,,1457087094,6,,,,,
32948,,,1457087114,7,,,,,
32948,,,1649117787,8,,,,,
32948,,,1459256369,9,,,,,
32948,,,1457087074,10,,,,,
32948,,,1457087122,11,,,,,
32948,,,1459256372,12,,,,,
32948,,,1457087066,13,,,,,
32948,,,1459256365,14,,,,,
32948,,,1457087118,15,,,,,
32948,,,1450589838,16,,,,,
32948,,,1473023940,17,,,,,
32948,07:26:00,07:26:00,1432752479,18,,,,,
32949,07:20:00,07:20:00,2177867806,0,,,,,
32949,,,872980957,1,,,,,
32949,,,1639803069,2,,,,,
32949,,,1457087092,3,,,,,
32949,,,1457087104,4,,,,,
32949,,,1457087089,5,,,,,
32949,,,1457087094,6,,,,,
32949,,,1457087114,7,,,,,
32949,,,1649117787,8,,,,,
32949,,,1459256369,9,,,,,
32949,,,1457087074,10,,,,,
32949,,,1457087122,11,,,,,
32949,,,1459256372,12,,,,,
32949,,,1457087066,13,,,,,
32949,,,1459256365,14,,,,,
32949,,,1457087118,15,,,,,
32949,,,1450589838,16,,,,,
32949,,,1473023940,17,,,,,
32949,07:45:00,07:45:00,1432752479,18,,,,,
32950,07:37:00,07:37:00,2177867806,0,,,,,
32950,,,872980957,1,,,,,
32950,,,1639803069,2,,,,,
32950,,,1457087092,3,,,,,
32950,,,1457087104,4,,,,,
32950,,,1457087089,5,,,,,
32950,,,1457087094,6,,,,,
32950,,,1457087114,7,,,,,
32950,,,1649117787,8,,,,,
32950,,,1459256369,9,,,,,
32950,,,1457087074,10,,,,,
32950,,,1457087122,11,,,,,
32950,,,1459256372,12,,,,,
32950,,,1457087066,13,,,,,
32950,,,1459256365,14,,,,,
32950,,,1457087118,15,,,,,
32950,,,1450589838,16,,,,,
32950,,,1473023940,17,,,,,
32950,08:02:00,08:02:00,1432752479,18,,,,,
32951,07:54:00,07:54:00,2177867806,0,,,,,
32951,,,872980957,1,,,,,
32951,,,1639803069,2,,,,,
32951,,,1457087092,3,,,,,
32951,,,1457087104,4,,,,,
32951,,,1457087089,5,,,,,
32951,,,1457087094,6,,,,,
32951,,,1457087114,7,,,,,
32951,,,1649117787,8,,,,,
32951,,,1459256369,9,,,,,
32951,,,1457087074,10,,,,,
32951,,,1457087122,11,,,,,
32951,,,1459256372,12,,,,,
32951,,,1457087066,13,,,,,
32951,,,1459256365,14,,,,,
32951,,,1457087118,15,,,,,
32951,,,1450589838,16,,,,,
32951,,,1473023940,17,,,,,
32951,08:19:00,08:19:00,1432752479,18,,,,,
32952,08:10:00,08:10:00,2177867806,0,,,,,
32952,,,872980957,1,,,,,
32952,,,1639803069,2,,,,,
32952,,,1457087092,3,,,,,
32952,,,1457087104,4,,,,,
32952,,,1457087089,5,,,,,
32952,,,1457087094,6,,,,,
32952,,,1457087114,7,,,,,
32952,,,1649117787,8,,,,,
32952,,,1459256369,9,,,,,
32952,,,1457087074,10,,,,,
32952,,,1457087122,11,,,,,
32952,,,1459256372,12,,,,,
32952,,,1457087066,13,,,,,
32952,,,1459256365,14,,,,,
32952,,,1457087118,15,,,,,
32952,,,1450589838,16,,,,,
32952,,,1473023940,17,,,,,
32952,08:35:00,08:35:00,1432752479,18,,,,,
32953,08:26:00,08:26:00,2177867806,0,,,,,
32953,,,872980957,1,,,,,
32953,,,1639803069,2,,,,,
32953,,,1457087092,3,,,,,
32953,,,1457087104,4,,,,,
32953,,,1457087089,5,,,,,
32953,,,1457087094,6,,,,,
32953,,,1457087114,7,,,,,
32953,,,1649117787,8,,,,,
32953,,,1459256369,9,,,,,
32953,,,1457087074,10,,,,,
32953,,,1457087122,11,,,,,
32953,,,1459256372,12,,,,,
32953,,,1457087066,13,,,,,
32953,,,1459256365,14,,,,,
32953,,,1457087118,15,,,,,
32953,,,1450589838,16,,,,,
32953,,,1473023940,17,,,,,
32953,08:51:00,08:51:00,1432752479,18,,,,,
32954,08:43:00,08:43:00,2177867806,0,,,,,
32954,,,872980957,1,,,,,
32954,,,1639803069,2,,,,,
32954,,,1457087092,3,,,,,
32954,,,1457087104,4,,,,,
32954,,,1457087089,5,,,,,
32954,,,1457087094,6,,,,,
32954,,,1457087114,7,,,,,
32954,,,1649117787,8,,,,,
32954,,,1459256369,9,,,,,
32954,,,1457087074,10,,,,,
32954,,,1457087122,11,,,,,
32954,,,1459256372,12,,,,,
32954,,,1457087066,13,,,,,
32954,,,1459256365,14,,,,,
32954,,,1457087118,15,,,,,
32954,,,1450589838,16,,,,,
32954,,,1473023940,17,,,,,
32954,09:08:00,09:08:00,1432752479,18,,,,,
32955,09:00:00,09:00:00,2177867806,0,,,,,
32955,,,872980957,1,,,,,
32955,,,1639803069,2,,,,,
32955,,,1457087092,3,,,,,
32955,,,1457087104,4,,,,,
32955,,,1457087089,5,,,,,
32955,,,1457087094,6,,,,,
32955,,,1457087114,7,,,,,
32955,,,1649117787,8,,,,,
32955,,,1459256369,9,,,,,
32955,,,1457087074,10,,,,,
32955,,,1457087122,11,,,,,
32955,,,1459256372,12,,,,,
32955,,,1457087066,13,,,,,
32955,,,1459256365,14,,,,,
32955,,,1457087118,15,,,,,
32955,,,1450589838,16,,,,,
32955,,,1473023940,17,,,,,
32955,09:25:00,09:25:00,1432752479,18,,,,,
32956,09:16:00,09:16:00,2177867806,0,,,,,
32956,,,872980957,1,,,,,
32956,,,1639803069,2,,,,,
32956,,,1457087092,3,,,,,
32956,,,1457087104,4,,,,,
32956,,,1457087089,5,,,,,
32956,,,1457087094,6,,,,,
32956,,,1457087114,7,,,,,
32956,,,1649117787,8,,,,,
32956,,,1459256369,9,,,,,
32956,,,1457087074,10,,,,,
32956,,,1457087122,11,,,,,
32956,,,1459256372,12,,,,,
32956,,,1457087066,13,,,,,
32956,,,1459256365,14,,,,,
32956,,,1457087118,15,,,,,
32956,,,1450589838,16,,,,,
32956,,,1473023940,17,,,,,
32956,09:41:00,09:41:00,1432752479,18,,,,,
32957,09:32:00,09:32:00,2177867806,0,,,,,
32957,,,872980957,1,,,,,
32957,,,1639803069,2,,,,,
32957,,,1457087092,3,,,,,
32957,,,1457087104,4,,,,,
32957,,,1457087089,5,,,,,
32957,,,1457087094,6,,,,,
32957,,,1457087114,7,,,,,
32957,,,1649117787,8,,,,,
32957,,,1459256369,9,,,,,
32957,,,1457087074,10,,,,,
32957,,,1457087122,11,,,,,
32957,,,1459256372,12,,,,,
32957,,,1457087066,13,,,,,
32957,,,1459256365,14,,,,,
32957,,,1457087118,15,,,,,
32957,,,1450589838,16,,,,,
32957,,,1473023940,17,,,,,
32957,09:57:00,09:57:00,1432752479,18,,,,,
32958,09:48:00,09:48:00,2177867806,0,,,,,
32958,,,872980957,1,,,,,
32958,,,1639803069,2,,,,,
32958,,,1457087092,3,,,,,
32958,,,1457087104,4,,,,,
32958,,,1457087089,5,,,,,
32958,,,1457087094,6,,,,,
32958,,,1457087114,7,,,,,
32958,,,1649117787,8,,,,,
32958,,,1459256369,9,,,,,
32958,,,1457087074,10,,,,,
32958,,,1457087122,11,,,,,
32958,,,1459256372,12,,,,,
32958,,,1457087066,13,,,,,
32958,,,1459256365,14,,,,,
32958,,,1457087118,15,,,,,
32958,,,1450589838,16,,,,,
32958,,,1473023940,17,,,,,
32958,10:13:00,10:13:00,1432752479,18,,,,,
32959,10:04:00,10:04:00,2177867806,0,,,,,
32959,,,872980957,1,,,,,
32959,,,1639803069,2,,,,,
32959,,,1457087092,3,,,,,
32959,,,1457087104,4,,,,,
32959,,,1457087089,5,,,,,
32959,,,1457087094,6,,,,,
32959,,,1457087114,7,,,,,
32959,,,1649117787,8,,,,,
32959,,,1459256369,9,,,,,
32959,,,1457087074,10,,,,,
32959,,,1457087122,11,,,,,
32959,,,1459256372,12,,,,,
32959,,,1457087066,13,,,,,
32959,,,1459256365,14,,,,,
32959,,,1457087118,15,,,,,
32959,,,1450589838,16,,,,,
32959,,,1473023940,17,,,,,
32959,10:29:00,10:29:00,1432752479,18,,,,,
32960,10:20:00,10:20:00,2177867806,0,,,,,
32960,,,872980957,1,,,,,
32960,,,1639803069,2,,,,,
32960,,,1457087092,3,,,,,
32960,,,1457087104,4,,,,,
32960,,,1457087089,5,,,,,
32960,,,1457087094,6,,,,,
32960,,,1457087114,7,,,,,
32960,,,1649117787,8,,,,,
32960,,,1459256369,9,,,,,
32960,,,1457087074,10,,,,,
32960,,,1457087122,11,,,,,
32960,,,1459256372,12,,,,,
32960,,,1457087066,13,,,,,
32960,,,1459256365,14,,,,,
32960,,,1457087118,15,,,,,
32960,,,1450589838,16,,,,,
32960,,,1473023940,17,,,,,
32960,10:45:00,10:45:00,1432752479,18,,,,,
32961,10:38:00,10:38:00,2177867806,0,,,,,
32961,,,872980957,1,,,,,
32961,,,1639803069,2,,,,,
32961,,,1457087092,3,,,,,
32961,,,1457087104,4,,,,,
32961,,,1457087089,5,,,,,
32961,,,1457087094,6,,,,,
32961,,,1457087114,7,,,,,
32961,,,1649117787,8,,,,,
32961,,,1459256369,9,,,,,
32961,,,1457087074,10,,,,,
32961,,,1457087122,11,,,,,
32961,,,1459256372,12,,,,,
32961,,,1457087066,13,,,,,
32961,,,1459256365,14,,,,,
32961,,,1457087118,15,,,,,
32961,,,1450589838,16,,,,,
32961,,,1473023940,17,,,,,
32961,11:03:00,11:03:00,1432752479,18,,,,,
32962,10:57:00,10:57:00,2177867806,0,,,,,
32962,,,872980957,1,,,,,
32962,,,1639803069,2,,,,,
32962,,,1457087092,3,,,,,
32962,,,1457087104,4,,,,,
32962,,,1457087089,5,,,,,
32962,,,1457087094,6,,,,,
32962,,,1457087114,7,,,,,
32962,,,1649117787,8,,,,,
32962,,,1459256369,9,,,,,
32962,,,1457087074,10,,,,,
32962,,,1457087122,11,,,,,
32962,,,1459256372,12,,,,,
32962,,,1457087066,13,,,,,
32962,,,1459256365,14,,,,,
32962,,,1457087118,15,,,,,
32962,,,1450589838,16,,,,,
32962,,,1473023940,17,,,,,
32962,11:22:00,11:22:00,1432752479,18,,,,,
32963,11:16:00,11:16:00,2177867806,0,,,,,
32963,,,872980957,1,,,,,
32963,,,1639803069,2,,,,,
32963,,,1457087092,3,,,,,
32963,,,1457087104,4,,,,,
32963,,,1457087089,5,,,,,
32963,,,1457087094,6,,,,,
32963,,,1457087114,7,,,,,
32963,,,1649117787,8,,,,,
32963,,,1459256369,9,,,,,
32963,,,1457087074,10,,,,,
32963,,,1457087122,11,,,,,
32963,,,1459256372,12,,,,,
32963,,,1457087066,13,,,,,
32963,,,1459256365,14,,,,,
32963,,,1457087118,15,,,,,
32963,,,1450589838,16,,,,,
32963,,,1473023940,17,,,,,
32963,11:41:00,11:41:00,1432752479,18,,,,,
32964,11:35:00,11:35:00,2177867806,0,,,,,
32964,,,872980957,1,,,,,
32964,,,1639803069,2,,,,,
32964,,,1457087092,3,,,,,
32964,,,1457087104,4,,,,,
32964,,,1457087089,5,,,,,
32964,,,1457087094,6,,,,,
32964,,,1457087114,7,,,,,
32964,,,1649117787,8,,,,,
32964,,,1459256369,9,,,,,
32964,,,1457087074,10,,,,,
32964,,,1457087122,11,,,,,
32964,,,1459256372,12,,,,,
32964,,,1457087066,13,,,,,
32964,,,1459256365,14,,,,,
32964,,,1457087118,15,,,,,
32964,,,1450589838,16,,,,,
32964,,,1473023940,17,,,,,
32964,12:00:00,12:00:00,1432752479,18,,,,,
32965,11:54:00,11:54:00,2177867806,0,,,,,
32965,,,872980957,1,,,,,
32965,,,1639803069,2,,,,,
32965,,,1457087092,3,,,,,
32965,,,1457087104,4,,,,,
32965,,,1457087089,5,,,,,
32965,,,1457087094,6,,,,,
32965,,,1457087114,7,,,,,
32965,,,1649117787,8,,,,,
32965,,,1459256369,9,,,,,
32965,,,1457087074,10,,,,,
32965,,,1457087122,11,,,,,
32965,,,1459256372,12,,,,,
32965,,,1457087066,13,,,,,
32965,,,1459256365,14,,,,,
32965,,,1457087118,15,,,,,
32965,,,1450589838,16,,,,,
32965,,,1473023940,17,,,,,
32965,12:19:00,12:19:00,1432752479,18,,,,,
32966,00:15:00,00:15:00,2177867806,0,,,,,
32966,,,872980957,1,,,,,
32966,,,1639803069,2,,,,,
32966,,,1457087092,3,,,,,
32966,,,1457087104,4,,,,,
32966,,,1457087089,5,,,,,
32966,,,1457087094,6,,,,,
32966,,,1457087114,7,,,,,
32966,,,1649117787,8,,,,,
32966,,,1459256369,9,,,,,
32966,,,1457087074,10,,,,,
32966,,,1457087122,11,,,,,
32966,,,1459256372,12,,,,,
32966,,,1457087066,13,,,,,
32966,,,1459256365,14,,,,,
32966,,,1457087118,15,,,,,
32966,,,1450589838,16,,,,,
32966,,,1473023940,17,,,,,
32966,00:40:00,00:40:00,1432752479,18,,,,,
32967,00:31:00,00:31:00,2177867806,0,,,,,
32967,,,872980957,1,,,,,
32967,,,1639803069,2,,,,,
32967,,,1457087092,3,,,,,
32967,,,1457087104,4,,,,,
32967,,,1457087089,5,,,,,
32967,,,1457087094,6,,,,,
32967,,,1457087114,7,,,,,
32967,,,1649117787,8,,,,,
32967,,,1459256369,9,,,,,
32967,,,1457087074,10,,,,,
32967,,,1457087122,11,,,,,
32967,,,1459256372,12,,,,,
32967,,,1457087066,13,,,,,
32967,,,1459256365,14,,,,,
32967,,,1457087118,15,,,,,
32967,,,1450589838,16,,,,,
32967,,,1473023940,17,,,,,
32967,00:56:00,00:56:00,1432752479,18,,,,,
32968,00:50:00,00:50:00,2177867806,0,,,,,
32968,,,872980957,1,,,,,
32968,,,1639803069,2,,,,,
32968,,,1457087092,3,,,,,
32968,,,1457087104,4,,,,,
32968,,,1457087089,5,,,,,
32968,,,1457087094,6,,,,,
32968,,,1457087114,7,,,,,
32968,,,1649117787,8,,,,,
32968,,,1459256369,9,,,,,
32968,,,1457087074,10,,,,,
32968,,,1457087122,11,,,,,
32968,,,1459256372,12,,,,,
32968,,,1457087066,13,,,,,
32968,,,1459256365,14,,,,,
32968,,,1457087118,15,,,,,
32968,,,1450589838,16,,,,,
32968,,,1473023940,17,,,,,
32968,01:15:00,01:15:00,1432752479,18,,,,,
32969,13:09:00,13:09:00,2177867806,0,,,,,
32969,,,872980957,1,,,,,
32969,,,1639803069,2,,,,,
32969,,,1457087092,3,,,,,
32969,,,1457087104,4,,,,,
32969,,,1457087089,5,,,,,
32969,,,1457087094,6,,,,,
32969,,,1457087114,7,,,,,
32969,,,1649117787,8,,,,,
32969,,,1459256369,9,,,,,
32969,,,1457087074,10,,,,,
32969,,,1457087122,11,,,,,
32969,,,1459256372,12,,,,,
32969,,,1457087066,13,,,,,
32969,,,1459256365,14,,,,,
32969,,,1457087118,15,,,,,
32969,,,1450589838,16,,,,,
32969,,,1473023940,17,,,,,
32969,13:34:00,13:34:00,1432752479,18,,,,,
32970,13:28:00,13:28:00,2177867806,0,,,,,
32970,,,872980957,1,,,,,
32970,,,1639803069,2,,,,,
32970,,,1457087092,3,,,,,
32970,,,1457087104,4,,,,,
32970,,,1457087089,5,,,,,
32970,,,1457087094,6,,,,,
32970,,,1457087114,7,,,,,
32970,,,1649117787,8,,,,,
32970,,,1459256369,9,,,,,
32970,,,1457087074,10,,,,,
32970,,,1457087122,11,,,,,
32970,,,1459256372,12,,,,,
32970,,,1457087066,13,,,,,
32970,,,1459256365,14,,,,,
32970,,,1457087118,15,,,,,
32970,,,1450589838,16,,,,,
32970,,,1473023940,17,,,,,
32970,13:53:00,13:53:00,1432752479,18,,,,,
32971,13:46:00,13:46:00,2177867806,0,,,,,
32971,,,872980957,1,,,,,
32971,,,1639803069,2,,,,,
32971,,,1457087092,3,,,,,
32971,,,1457087104,4,,,,,
32971,,,1457087089,5,,,,,
32971,,,1457087094,6,,,,,
32971,,,1457087114,7,,,,,
32971,,,1649117787,8,,,,,
32971,,,1459256369,9,,,,,
32971,,,1457087074,10,,,,,
32971,,,1457087122,11,,,,,
32971,,,1459256372,12,,,,,
32971,,,1457087066,13,,,,,
32971,,,1459256365,14,,,,,
32971,,,1457087118,15,,,,,
32971,,,1450589838,16,,,,,
32971,,,1473023940,17,,,,,
32971,14:11:00,14:11:00,1432752479,18,,,,,
32972,14:05:00,14:05:00,2177867806,0,,,,,
32972,,,872980957,1,,,,,
32972,,,1639803069,2,,,,,
32972,,,1457087092,3,,,,,
32972,,,1457087104,4,,,,,
32972,,,1457087089,5,,,,,
32972,,,1457087094,6,,,,,
32972,,,1457087114,7,,,,,
32972,,,1649117787,8,,,,,
32972,,,1459256369,9,,,,,
32972,,,1457087074,10,,,,,
32972,,,1457087122,11,,,,,
32972,,,1459256372,12,,,,,
32972,,,1457087066,13,,,,,
32972,,,1459256365,14,,,,,
32972,,,1457087118,15,,,,,
32972,,,1450589838,16,,,,,
32972,,,1473023940,17,,,,,
32972,14:30:00,14:30:00,1432752479,18,,,,,
32973,14:25:00,14:25:00,2177867806,0,,,,,
32973,,,872980957,1,,,,,
32973,,,1639803069,2,,,,,
32973,,,1457087092,3,,,,,
32973,,,1457087104,4,,,,,
32973,,,1457087089,5,,,,,
32973,,,1457087094,6,,,,,
32973,,,1457087114,7,,,,,
32973,,,1649117787,8,,,,,
32973,,,1459256369,9,,,,,
32973,,,1457087074,10,,,,,
32973,,,1457087122,11,,,,,
32973,,,1459256372,12,,,,,
32973,,,1457087066,13,,,,,
32973,,,1459256365,14,,,,,
32973,,,1457087118,15,,,,,
32973,,,1450589838,16,,,,,
32973,,,1473023940,17,,,,,
32973,14:50:00,14:50:00,1432752479,18,,,,,
32974,14:44:00,14:44:00,2177867806,0,,,,,
32974,,,872980957,1,,,,,
32974,,,1639803069,2,,,,,
32974,,,1457087092,3,,,,,
32974,,,1457087104,4,,,,,
32974,,,1457087089,5,,,,,
32974,,,1457087094,6,,,,,
32974,,,1457087114,7,,,,,
32974,,,1649117787,8,,,,,
32974,,,1459256369,9,,,,,
32974,,,1457087074,10,,,,,
32974,,,1457087122,11,,,,,
32974,,,1459256372,12,,,,,
32974,,,1457087066,13,,,,,
32974,,,1459256365,14,,,,,
32974,,,1457087118,15,,,,,
32974,,,1450589838,16,,,,,
32974,,,1473023940,17,,,,,
32974,15:09:00,15:09:00,1432752479,18,,,,,
32975,15:04:00,15:04:00,2177867806,0,,,,,
32975,,,872980957,1,,,,,
32975,,,1639803069,2,,,,,
32975,,,1457087092,3,,,,,
32975,,,1457087104,4,,,,,
32975,,,1457087089,5,,,,,
32975,,,1457087094,6,,,,,
32975,,,1457087114,7,,,,,
32975,,,1649117787,8,,,,,
32975,,,1459256369,9,,,,,
32975,,,1457087074,10,,,,,
32975,,,1457087122,11,,,,,
32975,,,1459256372,12,,,,,
32975,,,1457087066,13,,,,,
32975,,,1459256365,14,,,,,
32975,,,1457087118,15,,,,,
32975,,,1450589838,16,,,,,
32975,,,1473023940,17,,,,,
32975,15:29:00,15:29:00,1432752479,18,,,,,
32976,15:23:00,15:23:00,2177867806,0,,,,,
32976,,,872980957,1,,,,,
32976,,,1639803069,2,,,,,
32976,,,1457087092,3,,,,,
32976,,,1457087104,4,,,,,
32976,,,1457087089,5,,,,,
32976,,,1457087094,6,,,,,
32976,,,1457087114,7,,,,,
32976,,,1649117787,8,,,,,
32976,,,1459256369,9,,,,,
32976,,,1457087074,10,,,,,
32976,,,1457087122,11,,,,,
32976,,,1459256372,12,,,,,
32976,,,1457087066,13,,,,,
32976,,,1459256365,14,,,,,
32976,,,1457087118,15,,,,,
32976,,,1450589838,16,,,,,
32976,,,1473023940,17,,,,,
32976,15:48:00,15:48:00,1432752479,18,,,,,
32977,15:42:00,15:42:00,2177867806,0,,,,,
32977,,,872980957,1,,,,,
32977,,,1639803069,2,,,,,
32977,,,1457087092,3,,,,,
32977,,,1457087104,4,,,,,
32977,,,1457087089,5,,,,,
32977,,,1457087094,6,,,,,
32977,,,1457087114,7,,,,,
32977,,,1649117787,8,,,,,
32977,,,1459256369,9,,,,,
32977,,,1457087074,10,,,,,
32977,,,1457087122,11,,,,,
32977,,,1459256372,12,,,,,
32977,,,1457087066,13,,,,,
32977,,,1459256365,14,,,,,
32977,,,1457087118,15,,,,,
32977,,,1450589838,16,,,,,
32977,,,1473023940,17,,,,,
32977,16:07:00,16:07:00,1432752479,18,,,,,
32978,16:01:00,16:01:00,2177867806,0,,,,,
32978,,,872980957,1,,,,,
32978,,,1639803069,2,,,,,
32978,,,1457087092,3,,,,,
32978,,,1457087104,4,,,,,
32978,,,1457087089,5,,,,,
32978,,,1457087094,6,,,,,
32978,,,1457087114,7,,,,,
32978,,,1649117787,8,,,,,
32978,,,1459256369,9,,,,,
32978,,,1457087074,10,,,,,
32978,,,1457087122,11,,,,,
32978,,,1459256372,12,,,,,
32978,,,1457087066,13,,,,,
32978,,,1459256365,14,,,,,
32978,,,1457087118,15,,,,,
32978,,,1450589838,16,,,,,
32978,,,1473023940,17,,,,,
32978,16:26:00,16:26:00,1432752479,18,,,,,
32979,16:20:00,16:20:00,2177867806,0,,,,,
32979,,,872980957,1,,,,,
32979,,,1639803069,2,,,,,
32979,,,1457087092,3,,,,,
32979,,,1457087104,4,,,,,
32979,,,1457087089,5,,,,,
32979,,,1457087094,6,,,,,
32979,,,1457087114,7,,,,,
32979,,,1649117787,8,,,,,
32979,,,1459256369,9,,,,,
32979,,,1457087074,10,,,,,
32979,,,1457087122,11,,,,,
32979,,,1459256372,12,,,,,
32979,,,1457087066,13,,,,,
32979,,,1459256365,14,,,,,
32979,,,1457087118,15,,,,,
32979,,,1450589838,16,,,,,
32979,,,1473023940,17,,,,,
32979,16:45:00,16:45:00,1432752479,18,,,,,
32980,16:36:00,16:36:00,2177867806,0,,,,,
32980,,,872980957,1,,,,,
32980,,,1639803069,2,,,,,
32980,,,1457087092,3,,,,,
32980,,,1457087104,4,,,,,
32980,,,1457087089,5,,,,,
32980,,,1457087094,6,,,,,
32980,,,1457087114,7,,,,,
32980,,,1649117787,8,,,,,
32980,,,1459256369,9,,,,,
32980,,,1457087074,10,,,,,
32980,,,1457087122,11,,,,,
32980,,,1459256372,12,,,,,
32980,,,1457087066,13,,,,,
32980,,,1459256365,14,,,,,
32980,,,1457087118,15,,,,,
32980,,,1450589838,16,,,,,
32980,,,1473023940,17,,,,,
32980,17:01:00,17:01:00,1432752479,18,,,,,
32981,16:53:00,16:53:00,2177867806,0,,,,,
32981,,,872980957,1,,,,,
32981,,,1639803069,2,,,,,
32981,,,1457087092,3,,,,,
32981,,,1457087104,4,,,,,
32981,,,1457087089,5,,,,,
32981,,,1457087094,6,,,,,
32981,,,1457087114,7,,,,,
32981,,,1649117787,8,,,,,
32981,,,1459256369,9,,,,,
32981,,,1457087074,10,,,,,
32981,,,1457087122,11,,,,,
32981,,,1459256372,12,,,,,
32981,,,1457087066,13,,,,,
32981,,,1459256365,14,,,,,
32981,,,1457087118,15,,,,,
32981,,,1450589838,16,,,,,
32981,,,1473023940,17,,,,,
32981,17:18:00,17:18:00,1432752479,18,,,,,
32982,17:10:00,17:10:00,2177867806,0,,,,,
32982,,,872980957,1,,,,,
32982,,,1639803069,2,,,,,
32982,,,1457087092,3,,,,,
32982,,,1457087104,4,,,,,
32982,,,1457087089,5,,,,,
32982,,,1457087094,6,,,,,
32982,,,1457087114,7,,,,,
32982,,,1649117787,8,,,,,
32982,,,1459256369,9,,,,,
32982,,,1457087074,10,,,,,
32982,,,1457087122,11,,,,,
32982,,,1459256372,12,,,,,
32982,,,1457087066,13,,,,,
32982,,,1459256365,14,,,,,
32982,,,1457087118,15,,,,,
32982,,,1450589838,16,,,,,
32982,,,1473023940,17,,,,,
32982,17:35:00,17:35:00,1432752479,18,,,,,
32983,17:26:00,17:26:00,2177867806,0,,,,,
32983,,,872980957,1,,,,,
32983,,,1639803069,2,,,,,
32983,,,1457087092,3,,,,,
32983,,,1457087104,4,,,,,
32983,,,1457087089,5,,,,,
32983,,,1457087094,6,,,,,
32983,,,1457087114,7,,,,,
32983,,,1649117787,8,,,,,
32983,,,1459256369,9,,,,,
32983,,,1457087074,10,,,,,
32983,,,1457087122,11,,,,,
32983,,,1459256372,12,,,,,
32983,,,1457087066,13,,,,,
32983,,,1459256365,14,,,,,
32983,,,1457087118,15,,,,,
32983,,,1450589838,16,,,,,
32983,,,1473023940,17,,,,,
32983,17:51:00,17:51:00,1432752479,18,,,,,
32984,17:42:00,17:42:00,2177867806,0,,,,,
32984,,,872980957,1,,,,,
32984,,,1639803069,2,,,,,
32984,,,1457087092,3,,,,,
32984,,,1457087104,4,,,,,
32984,,,1457087089,5,,,,,
32984,,,1457087094,6,,,,,
32984,,,1457087114,7,,,,,
32984,,,1649117787,8,,,,,
32984,,,1459256369,9,,,,,
32984,,,1457087074,10,,,,,
32984,,,1457087122,11,,,,,
32984,,,1459256372,12,,,,,
32984,,,1457087066,13,,,,,
32984,,,1459256365,14,,,,,
32984,,,1457087118,15,,,,,
32984,,,1450589838,16,,,,,
32984,,,1473023940,17,,,,,
32984,18:07:00,18:07:00,1432752479,18,,,,,
32985,17:58:00,17:58:00,2177867806,0,,,,,
32985,,,872980957,1,,,,,
32985,,,1639803069,2,,,,,
32985,,,1457087092,3,,,,,
32985,,,1457087104,4,,,,,
32985,,,1457087089,5,,,,,
32985,,,1457087094,6,,,,,
32985,,,1457087114,7,,,,,
32985,,,1649117787,8,,,,,
32985,,,1459256369,9,,,,,
32985,,,1457087074,10,,,,,
32985,,,1457087122,11,,,,,
32985,,,1459256372,12,,,,,
32985,,,1457087066,13,,,,,
32985,,,1459256365,14,,,,,
32985,,,1457087118,15,,,,,
32985,,,1450589838,16,,,,,
32985,,,1473023940,17,,,,,
32985,18:23:00,18:23:00,1432752479,18,,,,,
32986,18:14:00,18:14:00,2177867806,0,,,,,
32986,,,872980957,1,,,,,
32986,,,1639803069,2,,,,,
32986,,,1457087092,3,,,,,
32986,,,1457087104,4,,,,,
32986,,,1457087089,5,,,,,
32986,,,1457087094,6,,,,,
32986,,,1457087114,7,,,,,
32986,,,1649117787,8,,,,,
32986,,,1459256369,9,,,,,
32986,,,1457087074,10,,,,,
32986,,,1457087122,11,,,,,
32986,,,1459256372,12,,,,,
32986,,,1457087066,13,,,,,
32986,,,1459256365,14,,,,,
32986,,,1457087118,15,,,,,
32986,,,1450589838,16,,,,,
32986,,,1473023940,17,,,,,
32986,18:39:00,18:39:00,1432752479,18,,,,,
32987,18:48:00,18:48:00,2177867806,0,,,,,
32987,,,872980957,1,,,,,
32987,,,1639803069,2,,,,,
32987,,,1457087092,3,,,,,
32987,,,1457087104,4,,,,,
32987,,,1457087089,5,,,,,
32987,,,1457087094,6,,,,,
32987,,,1457087114,7,,,,,
32987,,,1649117787,8,,,,,
32987,,,1459256369,9,,,,,
32987,,,1457087074,10,,,,,
32987,,,1457087122,11,,,,,
32987,,,1459256372,12,,,,,
32987,,,1457087066,13,,,,,
32987,,,1459256365,14,,,,,
32987,,,1457087118,15,,,,,
32987,,,1450589838,16,,,,,
32987,,,1473023940,17,,,,,
32987,19:13:00,19:13:00,1432752479,18,,,,,
32988,19:06:00,19:06:00,2177867806,0,,,,,
32988,,,872980957,1,,,,,
32988,,,1639803069,2,,,,,
32988,,,1457087092,3,,,,,
32988,,,1457087104,4,,,,,
32988,,,1457087089,5,,,,,
32988,,,1457087094,6,,,,,
32988,,,1457087114,7,,,,,
32988,,,1649117787,8,,,,,
32988,,,1459256369,9,,,,,
32988,,,1457087074,10,,,,,
32988,,,1457087122,11,,,,,
32988,,,1459256372,12,,,,,
32988,,,1457087066,13,,,,,
32988,,,1459256365,14,,,,,
32988,,,1457087118,15,,,,,
32988,,,1450589838,16,,,,,
32988,,,1473023940,17,,,,,
32988,19:31:00,19:31:00,1432752479,18,,,,,
32989,19:22:00,19:22:00,2177867806,0,,,,,
32989,,,872980957,1,,,,,
32989,,,1639803069,2,,,,,
32989,,,1457087092,3,,,,,
32989,,,1457087104,4,,,,,
32989,,,1457087089,5,,,,,
32989,,,1457087094,6,,,,,
32989,,,1457087114,7,,,,,
32989,,,1649117787,8,,,,,
32989,,,1459256369,9,,,,,
32989,,,1457087074,10,,,,,
32989,,,1457087122,11,,,,,
32989,,,1459256372,12,,,,,
32989,,,1457087066,13,,,,,
32989,,,1459256365,14,,,,,
32989,,,1457087118,15,,,,,
32989,,,1450589838,16,,,,,
32989,,,1473023940,17,,,,,
32989,19:47:00,19:47:00,1432752479,18,,,,,
32990,19:39:00,19:39:00,2177867806,0,,,,,
32990,,,872980957,1,,,,,
32990,,,1639803069,2,,,,,
32990,,,1457087092,3,,,,,
32990,,,1457087104,4,,,,,
32990,,,1457087089,5,,,,,
32990,,,1457087094,6,,,,,
32990,,,1457087114,7,,,,,
32990,,,1649117787,8,,,,,
32990,,,1459256369,9,,,,,
32990,,,1457087074,10,,,,,
32990,,,1457087122,11,,,,,
32990,,,1459256372,12,,,,,
32990,,,1457087066,13,,,,,
32990,,,1459256365,14,,,,,
32990,,,1457087118,15,,,,,
32990,,,1450589838,16,,,,,
32990,,,1473023940,17,,,,,
32990,20:04:00,20:04:00,1432752479,18,,,,,
32991,19:57:00,19:57:00,2177867806,0,,,,,
32991,,,872980957,1,,,,,
32991,,,1639803069,2,,,,,
32991,,,1457087092,3,,,,,
32991,,,1457087104,4,,,,,
32991,,,1457087089,5,,,,,
32991,,,1457087094,6,,,,,
32991,,,1457087114,7,,,,,
32991,,,1649117787,8,,,,,
32991,,,1459256369,9,,,,,
32991,,,1457087074,10,,,,,
32991,,,1457087122,11,,,,,
32991,,,1459256372,12,,,,,
32991,,,1457087066,13,,,,,
32991,,,1459256365,14,,,,,
32991,,,1457087118,15,,,,,
32991,,,1450589838,16,,,,,
32991,,,1473023940,17,,,,,
32991,20:22:00,20:22:00,1432752479,18,,,,,
32992,20:15:00,20:15:00,2177867806,0,,,,,
32992,,,872980957,1,,,,,
32992,,,1639803069,2,,,,,
32992,,,1457087092,3,,,,,
32992,,,1457087104,4,,,,,
32992,,,1457087089,5,,,,,
32992,,,1457087094,6,,,,,
32992,,,1457087114,7,,,,,
32992,,,1649117787,8,,,,,
32992,,,1459256369,9,,,,,
32992,,,1457087074,10,,,,,
32992,,,1457087122,11,,,,,
32992,,,1459256372,12,,,,,
32992,,,1457087066,13,,,,,
32992,,,1459256365,14,,,,,
32992,,,1457087118,15,,,,,
32992,,,1450589838,16,,,,,
32992,,,1473023940,17,,,,,
32992,20:40:00,20:40:00,1432752479,18,,,,,
32993,20:32:00,20:32:00,2177867806,0,,,,,
32993,,,872980957,1,,,,,
32993,,,1639803069,2,,,,,
32993,,,1457087092,3,,,,,
32993,,,1457087104,4,,,,,
32993,,,1457087089,5,,,,,
32993,,,1457087094,6,,,,,
32993,,,1457087114,7,,,,,
32993,,,1649117787,8,,,,,
32993,,,1459256369,9,,,,,
32993,,,1457087074,10,,,,,
32993,,,1457087122,11,,,,,
32993,,,1459256372,12,,,,,
32993,,,1457087066,13,,,,,
32993,,,1459256365,14,,,,,
32993,,,1457087118,15,,,,,
32993,,,1450589838,16,,,,,
32993,,,1473023940,17,,,,,
32993,20:57:00,20:57:00,1432752479,18,,,,,
32994,20:50:00,20:50:00,2177867806,0,,,,,
32994,,,872980957,1,,,,,
32994,,,1639803069,2,,,,,
32994,,,1457087092,3,,,,,
32994,,,1457087104,4,,,,,
32994,,,1457087089,5,,,,,
32994,,,1457087094,6,,,,,
32994,,,1457087114,7,,,,,
32994,,,1649117787,8,,,,,
32994,,,1459256369,9,,,,,
32994,,,1457087074,10,,,,,
32994,,,1457087122,11,,,,,
32994,,,1459256372,12,,,,,
32994,,,1457087066,13,,,,,
32994,,,1459256365,14,,,,,
32994,,,1457087118,15,,,,,
32994,,,1450589838,16,,,,,
32994,,,1473023940,17,,,,,
32994,21:15:00,21:15:00,1432752479,18,,,,,
32995,21:10:00,21:10:00,2177867806,0,,,,,
32995,,,872980957,1,,,,,
32995,,,1639803069,2,,,,,
32995,,,1457087092,3,,,,,
32995,,,1457087104,4,,,,,
32995,,,1457087089,5,,,,,
32995,,,1457087094,6,,,,,
32995,,,1457087114,7,,,,,
32995,,,1649117787,8,,,,,
32995,,,1459256369,9,,,,,
32995,,,1457087074,10,,,,,
32995,,,1457087122,11,,,,,
32995,,,1459256372,12,,,,,
32995,,,1457087066,13,,,,,
32995,,,1459256365,14,,,,,
32995,,,1457087118,15,,,,,
32995,,,1450589838,16,,,,,
32995,,,1473023940,17,,,,,
32995,21:35:00,21:35:00,1432752479,18,,,,,
32996,21:30:00,21:30:00,2177867806,0,,,,,
32996,,,872980957,1,,,,,
32996,,,1639803069,2,,,,,
32996,,,1457087092,3,,,,,
32996,,,1457087104,4,,,,,
32996,,,1457087089,5,,,,,
32996,,,1457087094,6,,,,,
32996,,,1457087114,7,,,,,
32996,,,1649117787,8,,,,,
32996,,,1459256369,9,,,,,
32996,,,1457087074,10,,,,,
32996,,,1457087122,11,,,,,
32996,,,1459256372,12,,,,,
32996,,,1457087066,13,,,,,
32996,,,1459256365,14,,,,,
32996,,,1457087118,15,,,,,
32996,,,1450589838,16,,,,,
32996,,,1473023940,17,,,,,
32996,21:55:00,21:55:00,1432752479,18,,,,,
32997,21:50:00,21:50:00,2177867806,0,,,,,
32997,,,872980957,1,,,,,
32997,,,1639803069,2,,,,,
32997,,,1457087092,3,,,,,
32997,,,1457087104,4,,,,,
32997,,,1457087089,5,,,,,
32997,,,1457087094,6,,,,,
32997,,,1457087114,7,,,,,
32997,,,1649117787,8,,,,,
32997,,,1459256369,9,,,,,
32997,,,1457087074,10,,,,,
32997,,,1457087122,11,,,,,
32997,,,1459256372,12,,,,,
32997,,,1457087066,13,,,,,
32997,,,1459256365,14,,,,,
32997,,,1457087118,15,,,,,
32997,,,1450589838,16,,,,,
32997,,,1473023940,17,,,,,
32997,22:15:00,22:15:00,1432752479,18,,,,,
32998,22:09:00,22:09:00,2177867806,0,,,,,
32998,,,872980957,1,,,,,
32998,,,1639803069,2,,,,,
32998,,,1457087092,3,,,,,
32998,,,1457087104,4,,,,,
32998,,,1457087089,5,,,,,
32998,,,1457087094,6,,,,,
32998,,,1457087114,7,,,,,
32998,,,1649117787,8,,,,,
32998,,,1459256369,9,,,,,
32998,,,1457087074,10,,,,,
32998,,,1457087122,11,,,,,
32998,,,1459256372,12,,,,,
32998,,,1457087066,13,,,,,
32998,,,1459256365,14,,,,,
32998,,,1457087118,15,,,,,
32998,,,1450589838,16,,,,,
32998,,,1473023940,17,,,,,
32998,22:34:00,22:34:00,1432752479,18,,,,,
32999,22:27:00,22:27:00,2177867806,0,,,,,
32999,,,872980957,1,,,,,
32999,,,1639803069,2,,,,,
32999,,,1457087092,3,,,,,
32999,,,1457087104,4,,,,,
32999,,,1457087089,5,,,,,
32999,,,1457087094,6,,,,,
32999,,,1457087114,7,,,,,
32999,,,1649117787,8,,,,,
32999,,,1459256369,9,,,,,
32999,,,1457087074,10,,,,,
32999,,,1457087122,11,,,,,
32999,,,1459256372,12,,,,,
32999,,,1457087066,13,,,,,
32999,,,1459256365,14,,,,,
32999,,,1457087118,15,,,,,
32999,,,1450589838,16,,,,,
32999,,,1473023940,17,,,,,
32999,22:52:00,22:52:00,1432752479,18,,,,,
33000,22:48:00,22:48:00,2177867806,0,,,,,
33000,,,872980957,1,,,,,
33000,,,1639803069,2,,,,,
33000,,,1457087092,3,,,,,
33000,,,1457087104,4,,,,,
33000,,,1457087089,5,,,,,
33000,,,1457087094,6,,,,,
33000,,,1457087114,7,,,,,
33000,,,1649117787,8,,,,,
33000,,,1459256369,9,,,,,
33000,,,1457087074,10,,,,,
33000,,,1457087122,11,,,,,
33000,,,1459256372,12,,,,,
33000,,,1457087066,13,,,,,
33000,,,1459256365,14,,,,,
33000,,,1457087118,15,,,,,
33000,,,1450589838,16,,,,,
33000,,,1473023940,17,,,,,
33000,23:13:00,23:13:00,1432752479,18,,,,,
33001,23:07:00,23:07:00,2177867806,0,,,,,
33001,,,872980957,1,,,,,
33001,,,1639803069,2,,,,,
33001,,,1457087092,3,,,,,
33001,,,1457087104,4,,,,,
33001,,,1457087089,5,,,,,
33001,,,1457087094,6,,,,,
33001,,,1457087114,7,,,,,
33001,,,1649117787,8,,,,,
33001,,,1459256369,9,,,,,
33001,,,1457087074,10,,,,,
33001,,,1457087122,11,,,,,
33001,,,1459256372,12,,,,,
33001,,,1457087066,13,,,,,
33001,,,1459256365,14,,,,,
33001,,,1457087118,15,,,,,
33001,,,1450589838,16,,,,,
33001,,,1473023940,17,,,,,
33001,23:32:00,23:32:00,1432752479,18,,,,,
33002,23:30:00,23:30:00,2177867806,0,,,,,
33002,,,872980957,1,,,,,
33002,,,1639803069,2,,,,,
33002,,,1457087092,3,,,,,
33002,,,1457087104,4,,,,,
33002,,,1457087089,5,,,,,
33002,,,1457087094,6,,,,,
33002,,,1457087114,7,,,,,
33002,,,1649117787,8,,,,,
33002,,,1459256369,9,,,,,
33002,,,1457087074,10,,,,,
33002,,,1457087122,11,,,,,
33002,,,1459256372,12,,,,,
33002,,,1457087066,13,,,,,
33002,,,1459256365,14,,,,,
33002,,,1457087118,15,,,,,
33002,,,1450589838,16,,,,,
33002,,,1473023940,17,,,,,
33002,23:55:00,23:55:00,1432752479,18,,,,,
33003,23:54:00,23:54:00,2177867806,0,,,,,
33003,,,872980957,1,,,,,
33003,,,1639803069,2,,,,,
33003,,,1457087092,3,,,,,
33003,,,1457087104,4,,,,,
33003,,,1457087089,5,,,,,
33003,,,1457087094,6,,,,,
33003,,,1457087114,7,,,,,
33003,,,1649117787,8,,,,,
33003,,,1459256369,9,,,,,
33003,,,1457087074,10,,,,,
33003,,,1457087122,11,,,,,
33003,,,1459256372,12,,,,,
33003,,,1457087066,13,,,,,
33003,,,1459256365,14,,,,,
33003,,,1457087118,15,,,,,
33003,,,1450589838,16,,,,,
33003,,,1473023940,17,,,,,
33003,00:19:00,00:19:00,1432752479,18,,,,,
33004,18:30:00,18:30:00,2177867806,0,,,,,
33004,,,872980957,1,,,,,
33004,,,1639803069,2,,,,,
33004,,,1457087092,3,,,,,
33004,,,1457087104,4,,,,,
33004,,,1457087089,5,,,,,
33004,,,1457087094,6,,,,,
33004,,,1457087114,7,,,,,
33004,,,1649117787,8,,,,,
33004,,,1459256369,9,,,,,
33004,,,1457087074,10,,,,,
33004,,,1457087122,11,,,,,
33004,,,1459256372,12,,,,,
33004,,,1457087066,13,,,,,
33004,,,1459256365,14,,,,,
33004,,,1457087118,15,,,,,
33004,,,1450589838,16,,,,,
33004,,,1473023940,17,,,,,
33004,18:55:00,18:55:00,1432752479,18,,,,,
33066,00:01:00,00:01:00,2177867806,0,,,,,
33066,,,872980957,1,,,,,
33066,,,1639803069,2,,,,,
33066,,,1457087092,3,,,,,
33066,,,1457087104,4,,,,,
33066,,,1457087089,5,,,,,
33066,,,1457087094,6,,,,,
33066,,,1457087114,7,,,,,
33066,,,1649117787,8,,,,,
33066,,,1459256369,9,,,,,
33066,,,1457087074,10,,,,,
33066,,,1457087122,11,,,,,
33066,,,1459256372,12,,,,,
33066,,,1457087066,13,,,,,
33066,,,1459256365,14,,,,,
33066,,,1457087118,15,,,,,
33066,,,1450589838,16,,,,,
33066,,,1473023940,17,,,,,
33066,00:26:00,00:26:00,1432752479,18,,,,,
33067,05:25:00,05:25:00,2177867806,0,,,,,
33067,,,872980957,1,,,,,
33067,,,1639803069,2,,,,,
33067,,,1457087092,3,,,,,
33067,,,1457087104,4,,,,,
33067,,,1457087089,5,,,,,
33067,,,1457087094,6,,,,,
33067,,,1457087114,7,,,,,
33067,,,1649117787,8,,,,,
33067,,,1459256369,9,,,,,
33067,,,1457087074,10,,,,,
33067,,,1457087122,11,,,,,
33067,,,1459256372,12,,,,,
33067,,,1457087066,13,,,,,
33067,,,1459256365,14,,,,,
33067,,,1457087118,15,,,,,
33067,,,1450589838,16,,,,,
33067,,,1473023940,17,,,,,
33067,05:50:00,05:50:00,1432752479,18,,,,,
33068,05:49:00,05:49:00,2177867806,0,,,,,
33068,,,872980957,1,,,,,
33068,,,1639803069,2,,,,,
33068,,,1457087092,3,,,,,
33068,,,1457087104,4,,,,,
33068,,,1457087089,5,,,,,
33068,,,1457087094,6,,,,,
33068,,,1457087114,7,,,,,
33068,,,1649117787,8,,,,,
33068,,,1459256369,9,,,,,
33068,,,1457087074,10,,,,,
33068,,,1457087122,11,,,,,
33068,,,1459256372,12,,,,,
33068,,,1457087066,13,,,,,
33068,,,1459256365,14,,,,,
33068,,,1457087118,15,,,,,
33068,,,1450589838,16,,,,,
33068,,,1473023940,17,,,,,
33068,06:14:00,06:14:00,1432752479,18,,,,,
33069,06:46:00,06:46:00,2177867806,0,,,,,
33069,,,872980957,1,,,,,
33069,,,1639803069,2,,,,,
33069,,,1457087092,3,,,,,
33069,,,1457087104,4,,,,,
33069,,,1457087089,5,,,,,
33069,,,1457087094,6,,,,,
33069,,,1457087114,7,,,,,
33069,,,1649117787,8,,,,,
33069,,,1459256369,9,,,,,
33069,,,1457087074,10,,,,,
33069,,,1457087122,11,,,,,
33069,,,1459256372,12,,,,,
33069,,,1457087066,13,,,,,
33069,,,1459256365,14,,,,,
33069,,,1457087118,15,,,,,
33069,,,1450589838,16,,,,,
33069,,,1473023940,17,,,,,
33069,07:11:00,07:11:00,1432752479,18,,,,,
33070,07:11:00,07:11:00,2177867806,0,,,,,
33070,,,872980957,1,,,,,
33070,,,1639803069,2,,,,,
33070,,,1457087092,3,,,,,
33070,,,1457087104,4,,,,,
33070,,,1457087089,5,,,,,
33070,,,1457087094,6,,,,,
33070,,,1457087114,7,,,,,
33070,,,1649117787,8,,,,,
33070,,,1459256369,9,,,,,
33070,,,1457087074,10,,,,,
33070,,,1457087122,11,,,,,
33070,,,1459256372,12,,,,,
33070,,,1457087066,13,,,,,
33070,,,1459256365,14,,,,,
33070,,,1457087118,15,,,,,
33070,,,1450589838,16,,,,,
33070,,,1473023940,17,,,,,
33070,07:36:00,07:36:00,1432752479,18,,,,,
33071,07:38:00,07:38:00,2177867806,0,,,,,
33071,,,872980957,1,,,,,
33071,,,1639803069,2,,,,,
33071,,,1457087092,3,,,,,
33071,,,1457087104,4,,,,,
33071,,,1457087089,5,,,,,
33071,,,1457087094,6,,,,,
33071,,,1457087114,7,,,,,
33071,,,1649117787,8,,,,,
33071,,,1459256369,9,,,,,
33071,,,1457087074,10,,,,,
33071,,,1457087122,11,,,,,
33071,,,1459256372,12,,,,,
33071,,,1457087066,13,,,,,
33071,,,1459256365,14,,,,,
33071,,,1457087118,15,,,,,
33071,,,1450589838,16,,,,,
33071,,,1473023940,17,,,,,
33071,08:03:00,08:03:00,1432752479,18,,,,,
33072,08:03:00,08:03:00,2177867806,0,,,,,
33072,,,872980957,1,,,,,
33072,,,1639803069,2,,,,,
33072,,,1457087092,3,,,,,
33072,,,1457087104,4,,,,,
33072,,,1457087089,5,,,,,
33072,,,1457087094,6,,,,,
33072,,,1457087114,7,,,,,
33072,,,1649117787,8,,,,,
33072,,,1459256369,9,,,,,
33072,,,1457087074,10,,,,,
33072,,,1457087122,11,,,,,
33072,,,1459256372,12,,,,,
33072,,,1457087066,13,,,,,
33072,,,1459256365,14,,,,,
33072,,,1457087118,15,,,,,
33072,,,1450589838,16,,,,,
33072,,,1473023940,17,,,,,
33072,08:28:00,08:28:00,1432752479,18,,,,,
33073,08:28:00,08:28:00,2177867806,0,,,,,
33073,,,872980957,1,,,,,
33073,,,1639803069,2,,,,,
33073,,,1457087092,3,,,,,
33073,,,1457087104,4,,,,,
33073,,,1457087089,5,,,,,
33073,,,1457087094,6,,,,,
33073,,,1457087114,7,,,,,
33073,,,1649117787,8,,,,,
33073,,,1459256369,9,,,,,
33073,,,1457087074,10,,,,,
33073,,,1457087122,11,,,,,
33073,,,1459256372,12,,,,,
33073,,,1457087066,13,,,,,
33073,,,1459256365,14,,,,,
33073,,,1457087118,15,,,,,
33073,,,1450589838,16,,,,,
33073,,,1473023940,17,,,,,
33073,08:53:00,08:53:00,1432752479,18,,,,,
33074,08:53:00,08:53:00,2177867806,0,,,,,
33074,,,872980957,1,,,,,
33074,,,1639803069,2,,,,,
33074,,,1457087092,3,,,,,
33074,,,1457087104,4,,,,,
33074,,,1457087089,5,,,,,
33074,,,1457087094,6,,,,,
33074,,,1457087114,7,,,,,
33074,,,1649117787,8,,,,,
33074,,,1459256369,9,,,,,
33074,,,1457087074,10,,,,,
33074,,,1457087122,11,,,,,
33074,,,1459256372,12,,,,,
33074,,,1457087066,13,,,,,
33074,,,1459256365,14,,,,,
33074,,,1457087118,15,,,,,
33074,,,1450589838,16,,,,,
33074,,,1473023940,17,,,,,
33074,09:18:00,09:18:00,1432752479,18,,,,,
33075,09:18:00,09:18:00,2177867806,0,,,,,
33075,,,872980957,1,,,,,
33075,,,1639803069,2,,,,,
33075,,,1457087092,3,,,,,
33075,,,1457087104,4,,,,,
33075,,,1457087089,5,,,,,
33075,,,1457087094,6,,,,,
33075,,,1457087114,7,,,,,
33075,,,1649117787,8,,,,,
33075,,,1459256369,9,,,,,
33075,,,1457087074,10,,,,,
33075,,,1457087122,11,,,,,
33075,,,1459256372,12,,,,,
33075,,,1457087066,13,,,,,
33075,,,1459256365,14,,,,,
33075,,,1457087118,15,,,,,
33075,,,1450589838,16,,,,,
33075,,,1473023940,17,,,,,
33075,09:43:00,09:43:00,1432752479,18,,,,,
33076,09:43:00,09:43:00,2177867806,0,,,,,
33076,,,872980957,1,,,,,
33076,,,1639803069,2,,,,,
33076,,,1457087092,3,,,,,
33076,,,1457087104,4,,,,,
33076,,,1457087089,5,,,,,
33076,,,1457087094,6,,,,,
33076,,,1457087114,7,,,,,
33076,,,1649117787,8,,,,,
33076,,,1459256369,9,,,,,
33076,,,1457087074,10,,,,,
33076,,,1457087122,11,,,,,
33076,,,1459256372,12,,,,,
33076,,,1457087066,13,,,,,
33076,,,1459256365,14,,,,,
33076,,,1457087118,15,,,,,
33076,,,1450589838,16,,,,,
33076,,,1473023940,17,,,,,
33076,10:08:00,10:08:00,1432752479,18,,,,,
33077,10:08:00,10:08:00,2177867806,0,,,,,
33077,,,872980957,1,,,,,
33077,,,1639803069,2,,,,,
33077,,,1457087092,3,,,,,
33077,,,1457087104,4,,,,,
33077,,,1457087089,5,,,,,
33077,,,1457087094,6,,,,,
33077,,,1457087114,7,,,,,
33077,,,1649117787,8,,,,,
33077,,,1459256369,9,,,,,
33077,,,1457087074,10,,,,,
33077,,,1457087122,11,,,,,
33077,,,1459256372,12,,,,,
33077,,,1457087066,13,,,,,
33077,,,1459256365,14,,,,,
33077,,,1457087118,15,,,,,
33077,,,1450589838,16,,,,,
33077,,,1473023940,17,,,,,
33077,10:33:00,10:33:00,1432752479,18,,,,,
33078,10:33:00,10:33:00,2177867806,0,,,,,
33078,,,872980957,1,,,,,
33078,,,1639803069,2,,,,,
33078,,,1457087092,3,,,,,
33078,,,1457087104,4,,,,,
33078,,,1457087089,5,,,,,
33078,,,1457087094,6,,,,,
33078,,,1457087114,7,,,,,
33078,,,1649117787,8,,,,,
33078,,,1459256369,9,,,,,
33078,,,1457087074,10,,,,,
33078,,,1457087122,11,,,,,
33078,,,1459256372,12,,,,,
33078,,,1457087066,13,,,,,
33078,,,1459256365,14,,,,,
33078,,,1457087118,15,,,,,
33078,,,1450589838,16,,,,,
33078,,,1473023940,17,,,,,
33078,10:58:00,10:58:00,1432752479,18,,,,,
33079,11:03:00,11:03:00,2177867806,0,,,,,
33079,,,872980957,1,,,,,
33079,,,1639803069,2,,,,,
33079,,,1457087092,3,,,,,
33079,,,1457087104,4,,,,,
33079,,,1457087089,5,,,,,
33079,,,1457087094,6,,,,,
33079,,,1457087114,7,,,,,
33079,,,1649117787,8,,,,,
33079,,,1459256369,9,,,,,
33079,,,1457087074,10,,,,,
33079,,,1457087122,11,,,,,
33079,,,1459256372,12,,,,,
33079,,,1457087066,13,,,,,
33079,,,1459256365,14,,,,,
33079,,,1457087118,15,,,,,
33079,,,1450589838,16,,,,,
33079,,,1473023940,17,,,,,
33079,11:28:00,11:28:00,1432752479,18,,,,,
33080,11:33:00,11:33:00,2177867806,0,,,,,
33080,,,872980957,1,,,,,
33080,,,1639803069,2,,,,,
33080,,,1457087092,3,,,,,
33080,,,1457087104,4,,,,,
33080,,,1457087089,5,,,,,
33080,,,1457087094,6,,,,,
33080,,,1457087114,7,,,,,
33080,,,1649117787,8,,,,,
33080,,,1459256369,9,,,,,
33080,,,1457087074,10,,,,,
33080,,,1457087122,11,,,,,
33080,,,1459256372,12,,,,,
33080,,,1457087066,13,,,,,
33080,,,1459256365,14,,,,,
33080,,,1457087118,15,,,,,
33080,,,1450589838,16,,,,,
33080,,,1473023940,17,,,,,
33080,11:58:00,11:58:00,1432752479,18,,,,,
33081,00:03:00,00:03:00,2177867806,0,,,,,
33081,,,872980957,1,,,,,
33081,,,1639803069,2,,,,,
33081,,,1457087092,3,,,,,
33081,,,1457087104,4,,,,,
33081,,,1457087089,5,,,,,
33081,,,1457087094,6,,,,,
33081,,,1457087114,7,,,,,
33081,,,1649117787,8,,,,,
33081,,,1459256369,9,,,,,
33081,,,1457087074,10,,,,,
33081,,,1457087122,11,,,,,
33081,,,1459256372,12,,,,,
33081,,,1457087066,13,,,,,
33081,,,1459256365,14,,,,,
33081,,,1457087118,15,,,,,
33081,,,1450589838,16,,,,,
33081,,,1473023940,17,,,,,
33081,00:28:00,00:28:00,1432752479,18,,,,,
33082,00:33:00,00:33:00,2177867806,0,,,,,
33082,,,872980957,1,,,,,
33082,,,1639803069,2,,,,,
33082,,,1457087092,3,,,,,
33082,,,1457087104,4,,,,,
33082,,,1457087089,5,,,,,
33082,,,1457087094,6,,,,,
33082,,,1457087114,7,,,,,
33082,,,1649117787,8,,,,,
33082,,,1459256369,9,,,,,
33082,,,1457087074,10,,,,,
33082,,,1457087122,11,,,,,
33082,,,1459256372,12,,,,,
33082,,,1457087066,13,,,,,
33082,,,1459256365,14,,,,,
33082,,,1457087118,15,,,,,
33082,,,1450589838,16,,,,,
33082,,,1473023940,17,,,,,
33082,00:58:00,00:58:00,1432752479,18,,,,,
33083,00:58:00,00:58:00,2177867806,0,,,,,
33083,,,872980957,1,,,,,
33083,,,1639803069,2,,,,,
33083,,,1457087092,3,,,,,
33083,,,1457087104,4,,,,,
33083,,,1457087089,5,,,,,
33083,,,1457087094,6,,,,,
33083,,,1457087114,7,,,,,
33083,,,1649117787,8,,,,,
33083,,,1459256369,9,,,,,
33083,,,1457087074,10,,,,,
33083,,,1457087122,11,,,,,
33083,,,1459256372,12,,,,,
33083,,,1457087066,13,,,,,
33083,,,1459256365,14,,,,,
33083,,,1457087118,15,,,,,
33083,,,1450589838,16,,,,,
33083,,,1473023940,17,,,,,
33083,01:23:00,01:23:00,1432752479,18,,,,,
33084,13:23:00,13:23:00,2177867806,0,,,,,
33084,,,872980957,1,,,,,
33084,,,1639803069,2,,,,,
33084,,,1457087092,3,,,,,
33084,,,1457087104,4,,,,,
33084,,,1457087089,5,,,,,
33084,,,1457087094,6,,,,,
33084,,,1457087114,7,,,,,
33084,,,1649117787,8,,,,,
33084,,,1459256369,9,,,,,
33084,,,1457087074,10,,,,,
33084,,,1457087122,11,,,,,
33084,,,1459256372,12,,,,,
33084,,,1457087066,13,,,,,
33084,,,1459256365,14,,,,,
33084,,,1457087118,15,,,,,
33084,,,1450589838,16,,,,,
33084,,,1473023940,17,,,,,
33084,13:48:00,13:48:00,1432752479,18,,,,,
33085,13:48:00,13:48:00,2177867806,0,,,,,
33085,,,872980957,1,,,,,
33085,,,1639803069,2,,,,,
33085,,,1457087092,3,,,,,
33085,,,1457087104,4,,,,,
33085,,,1457087089,5,,,,,
33085,,,1457087094,6,,,,,
33085,,,1457087114,7,,,,,
33085,,,1649117787,8,,,,,
33085,,,1459256369,9,,,,,
33085,,,1457087074,10,,,,,
33085,,,1457087122,11,,,,,
33085,,,1459256372,12,,,,,
33085,,,1457087066,13,,,,,
33085,,,1459256365,14,,,,,
33085,,,1457087118,15,,,,,
33085,,,1450589838,16,,,,,
33085,,,1473023940,17,,,,,
33085,14:13:00,14:13:00,1432752479,18,,,,,
33086,14:13:00,14:13:00,2177867806,0,,,,,
33086,,,872980957,1,,,,,
33086,,,1639803069,2,,,,,
33086,,,1457087092,3,,,,,
33086,,,1457087104,4,,,,,
33086,,,1457087089,5,,,,,
33086,,,1457087094,6,,,,,
33086,,,1457087114,7,,,,,
33086,,,1649117787,8,,,,,
33086,,,1459256369,9,,,,,
33086,,,1457087074,10,,,,,
33086,,,1457087122,11,,,,,
33086,,,1459256372,12,,,,,
33086,,,1457087066,13,,,,,
33086,,,1459256365,14,,,,,
33086,,,1457087118,15,,,,,
33086,,,1450589838,16,,,,,
33086,,,1473023940,17,,,,,
33086,14:38:00,14:38:00,1432752479,18,,,,,
33087,14:38:00,14:38:00,2177867806,0,,,,,
33087,,,872980957,1,,,,,
33087,,,1639803069,2,,,,,
33087,,,1457087092,3,,,,,
33087,,,1457087104,4,,,,,
33087,,,1457087089,5,,,,,
33087,,,1457087094,6,,,,,
33087,,,1457087114,7,,,,,
33087,,,1649117787,8,,,,,
33087,,,1459256369,9,,,,,
33087,,,1457087074,10,,,,,
33087,,,1457087122,11,,,,,
33087,,,1459256372,12,,,,,
33087,,,1457087066,13,,,,,
33087,,,1459256365,14,,,,,
33087,,,1457087118,15,,,,,
33087,,,1450589838,16,,,,,
33087,,,1473023940,17,,,,,
33087,15:03:00,15:03:00,1432752479,18,,,,,
33088,15:03:00,15:03:00,2177867806,0,,,,,
33088,,,872980957,1,,,,,
33088,,,1639803069,2,,,,,
33088,,,1457087092,3,,,,,
33088,,,1457087104,4,,,,,
33088,,,1457087089,5,,,,,
33088,,,1457087094,6,,,,,
33088,,,1457087114,7,,,,,
33088,,,1649117787,8,,,,,
33088,,,1459256369,9,,,,,
33088,,,1457087074,10,,,,,
33088,,,1457087122,11,,,,,
33088,,,1459256372,12,,,,,
33088,,,1457087066,13,,,,,
33088,,,1459256365,14,,,,,
33088,,,1457087118,15,,,,,
33088,,,1450589838,16,,,,,
33088,,,1473023940,17,,,,,
33088,15:28:00,15:28:00,1432752479,18,,,,,
33089,15:33:00,15:33:00,2177867806,0,,,,,
33089,,,872980957,1,,,,,
33089,,,1639803069,2,,,,,
33089,,,1457087092,3,,,,,
33089,,,1457087104,4,,,,,
33089,,,1457087089,5,,,,,
33089,,,1457087094,6,,,,,
33089,,,1457087114,7,,,,,
33089,,,1649117787,8,,,,,
33089,,,1459256369,9,,,,,
33089,,,1457087074,10,,,,,
33089,,,1457087122,11,,,,,
33089,,,1459256372,12,,,,,
33089,,,1457087066,13,,,,,
33089,,,1459256365,14,,,,,
33089,,,1457087118,15,,,,,
33089,,,1450589838,16,,,,,
33089,,,1473023940,17,,,,,
33089,15:58:00,15:58:00,1432752479,18,,,,,
33090,16:03:00,16:03:00,2177867806,0,,,,,
33090,,,872980957,1,,,,,
33090,,,1639803069,2,,,,,
33090,,,1457087092,3,,,,,
33090,,,1457087104,4,,,,,
33090,,,1457087089,5,,,,,
33090,,,1457087094,6,,,,,
33090,,,1457087114,7,,,,,
33090,,,1649117787,8,,,,,
33090,,,1459256369,9,,,,,
33090,,,1457087074,10,,,,,
33090,,,1457087122,11,,,,,
33090,,,1459256372,12,,,,,
33090,,,1457087066,13,,,,,
33090,,,1459256365,14,,,,,
33090,,,1457087118,15,,,,,
33090,,,1450589838,16,,,,,
33090,,,1473023940,17,,,,,
33090,16:28:00,16:28:00,1432752479,18,,,,,
33091,16:33:00,16:33:00,2177867806,0,,,,,
33091,,,872980957,1,,,,,
33091,,,1639803069,2,,,,,
33091,,,1457087092,3,,,,,
33091,,,1457087104,4,,,,,
33091,,,1457087089,5,,,,,
33091,,,1457087094,6,,,,,
33091,,,1457087114,7,,,,,
33091,,,1649117787,8,,,,,
33091,,,1459256369,9,,,,,
33091,,,1457087074,10,,,,,
33091,,,1457087122,11,,,,,
33091,,,1459256372,12,,,,,
33091,,,1457087066,13,,,,,
33091,,,1459256365,14,,,,,
33091,,,1457087118,15,,,,,
33091,,,1450589838,16,,,,,
33091,,,1473023940,17,,,,,
33091,16:58:00,16:58:00,1432752479,18,,,,,
33092,17:03:00,17:03:00,2177867806,0,,,,,
33092,,,872980957,1,,,,,
33092,,,1639803069,2,,,,,
33092,,,1457087092,3,,,,,
33092,,,1457087104,4,,,,,
33092,,,1457087089,5,,,,,
33092,,,1457087094,6,,,,,
33092,,,1457087114,7,,,,,
33092,,,1649117787,8,,,,,
33092,,,1459256369,9,,,,,
33092,,,1457087074,10,,,,,
33092,,,1457087122,11,,,,,
33092,,,1459256372,12,,,,,
33092,,,1457087066,13,,,,,
33092,,,1459256365,14,,,,,
33092,,,1457087118,15,,,,,
33092,,,1450589838,16,,,,,
33092,,,1473023940,17,,,,,
33092,17:28:00,17:28:00,1432752479,18,,,,,
33093,17:33:00,17:33:00,2177867806,0,,,,,
33093,,,872980957,1,,,,,
33093,,,1639803069,2,,,,,
33093,,,1457087092,3,,,,,
33093,,,1457087104,4,,,,,
33093,,,1457087089,5,,,,,
33093,,,1457087094,6,,,,,
33093,,,1457087114,7,,,,,
33093,,,1649117787,8,,,,,
33093,,,1459256369,9,,,,,
33093,,,1457087074,10,,,,,
33093,,,1457087122,11,,,,,
33093,,,1459256372,12,,,,,
33093,,,1457087066,13,,,,,
33093,,,1459256365,14,,,,,
33093,,,1457087118,15,,,,,
33093,,,1450589838,16,,,,,
33093,,,1473023940,17,,,,,
33093,17:58:00,17:58:00,1432752479,18,,,,,
33094,18:03:00,18:03:00,2177867806,0,,,,,
33094,,,872980957,1,,,,,
33094,,,1639803069,2,,,,,
33094,,,1457087092,3,,,,,
33094,,,1457087104,4,,,,,
33094,,,1457087089,5,,,,,
33094,,,1457087094,6,,,,,
33094,,,1457087114,7,,,,,
33094,,,1649117787,8,,,,,
33094,,,1459256369,9,,,,,
33094,,,1457087074,10,,,,,
33094,,,1457087122,11,,,,,
33094,,,1459256372,12,,,,,
33094,,,1457087066,13,,,,,
33094,,,1459256365,14,,,,,
33094,,,1457087118,15,,,,,
33094,,,1450589838,16,,,,,
33094,,,1473023940,17,,,,,
33094,18:28:00,18:28:00,1432752479,18,,,,,
33095,18:33:00,18:33:00,2177867806,0,,,,,
33095,,,872980957,1,,,,,
33095,,,1639803069,2,,,,,
33095,,,1457087092,3,,,,,
33095,,,1457087104,4,,,,,
33095,,,1457087089,5,,,,,
33095,,,1457087094,6,,,,,
33095,,,1457087114,7,,,,,
33095,,,1649117787,8,,,,,
33095,,,1459256369,9,,,,,
33095,,,1457087074,10,,,,,
33095,,,1457087122,11,,,,,
33095,,,1459256372,12,,,,,
33095,,,1457087066,13,,,,,
33095,,,1459256365,14,,,,,
33095,,,1457087118,15,,,,,
33095,,,1450589838,16,,,,,
33095,,,1473023940,17,,,,,
33095,18:58:00,18:58:00,1432752479,18,,,,,
33096,19:03:00,19:03:00,2177867806,0,,,,,
33096,,,872980957,1,,,,,
33096,,,1639803069,2,,,,,
33096,,,1457087092,3,,,,,
33096,,,1457087104,4,,,,,
33096,,,1457087089,5,,,,,
33096,,,1457087094,6,,,,,
33096,,,1457087114,7,,,,,
33096,,,1649117787,8,,,,,
33096,,,1459256369,9,,,,,
33096,,,1457087074,10,,,,,
33096,,,1457087122,11,,,,,
33096,,,1459256372,12,,,,,
33096,,,1457087066,13,,,,,
33096,,,1459256365,14,,,,,
33096,,,1457087118,15,,,,,
33096,,,1450589838,16,,,,,
33096,,,1473023940,17,,,,,
33096,19:28:00,19:28:00,1432752479,18,,,,,
33097,19:33:00,19:33:00,2177867806,0,,,,,
33097,,,872980957,1,,,,,
33097,,,1639803069,2,,,,,
33097,,,1457087092,3,,,,,
33097,,,1457087104,4,,,,,
33097,,,1457087089,5,,,,,
33097,,,1457087094,6,,,,,
33097,,,1457087114,7,,,,,
33097,,,1649117787,8,,,,,
33097,,,1459256369,9,,,,,
33097,,,1457087074,10,,,,,
33097,,,1457087122,11,,,,,
33097,,,1459256372,12,,,,,
33097,,,1457087066,13,,,,,
33097,,,1459256365,14,,,,,
33097,,,1457087118,15,,,,,
33097,,,1450589838,16,,,,,
33097,,,1473023940,17,,,,,
33097,19:58:00,19:58:00,1432752479,18,,,,,
33098,20:03:00,20:03:00,2177867806,0,,,,,
33098,,,872980957,1,,,,,
33098,,,1639803069,2,,,,,
33098,,,1457087092,3,,,,,
33098,,,1457087104,4,,,,,
33098,,,1457087089,5,,,,,
33098,,,1457087094,6,,,,,
33098,,,1457087114,7,,,,,
33098,,,1649117787,8,,,,,
33098,,,1459256369,9,,,,,
33098,,,1457087074,10,,,,,
33098,,,1457087122,11,,,,,
33098,,,1459256372,12,,,,,
33098,,,1457087066,13,,,,,
33098,,,1459256365,14,,,,,
33098,,,1457087118,15,,,,,
33098,,,1450589838,16,,,,,
33098,,,1473023940,17,,,,,
33098,20:28:00,20:28:00,1432752479,18,,,,,
33099,20:33:00,20:33:00,2177867806,0,,,,,
33099,,,872980957,1,,,,,
33099,,,1639803069,2,,,,,
33099,,,1457087092,3,,,,,
33099,,,1457087104,4,,,,,
33099,,,1457087089,5,,,,,
33099,,,1457087094,6,,,,,
33099,,,1457087114,7,,,,,
33099,,,1649117787,8,,,,,
33099,,,1459256369,9,,,,,
33099,,,1457087074,10,,,,,
33099,,,1457087122,11,,,,,
33099,,,1459256372,12,,,,,
33099,,,1457087066,13,,,,,
33099,,,1459256365,14,,,,,
33099,,,1457087118,15,,,,,
33099,,,1450589838,16,,,,,
33099,,,1473023940,17,,,,,
33099,20:58:00,20:58:00,1432752479,18,,,,,
33100,21:03:00,21:03:00,2177867806,0,,,,,
33100,,,872980957,1,,,,,
33100,,,1639803069,2,,,,,
33100,,,1457087092,3,,,,,
33100,,,1457087104,4,,,,,
33100,,,1457087089,5,,,,,
33100,,,1457087094,6,,,,,
33100,,,1457087114,7,,,,,
33100,,,1649117787,8,,,,,
33100,,,1459256369,9,,,,,
33100,,,1457087074,10,,,,,
33100,,,1457087122,11,,,,,
33100,,,1459256372,12,,,,,
33100,,,1457087066,13,,,,,
33100,,,1459256365,14,,,,,
33100,,,1457087118,15,,,,,
33100,,,1450589838,16,,,,,
33100,,,1473023940,17,,,,,
33100,21:28:00,21:28:00,1432752479,18,,,,,
33101,21:33:00,21:33:00,2177867806,0,,,,,
33101,,,872980957,1,,,,,
33101,,,1639803069,2,,,,,
33101,,,1457087092,3,,,,,
33101,,,1457087104,4,,,,,
33101,,,1457087089,5,,,,,
33101,,,1457087094,6,,,,,
33101,,,1457087114,7,,,,,
33101,,,1649117787,8,,,,,
33101,,,1459256369,9,,,,,
33101,,,1457087074,10,,,,,
33101,,,1457087122,11,,,,,
33101,,,1459256372,12,,,,,
33101,,,1457087066,13,,,,,
33101,,,1459256365,14,,,,,
33101,,,1457087118,15,,,,,
33101,,,1450589838,16,,,,,
33101,,,1473023940,17,,,,,
33101,21:58:00,21:58:00,1432752479,18,,,,,
33102,22:03:00,22:03:00,2177867806,0,,,,,
33102,,,872980957,1,,,,,
33102,,,1639803069,2,,,,,
33102,,,1457087092,3,,,,,
33102,,,1457087104,4,,,,,
33102,,,1457087089,5,,,,,
33102,,,1457087094,6,,,,,
33102,,,1457087114,7,,,,,
33102,,,1649117787,8,,,,,
33102,,,1459256369,9,,,,,
33102,,,1457087074,10,,,,,
33102,,,1457087122,11,,,,,
33102,,,1459256372,12,,,,,
33102,,,1457087066,13,,,,,
33102,,,1459256365,14,,,,,
33102,,,1457087118,15,,,,,
33102,,,1450589838,16,,,,,
33102,,,1473023940,17,,,,,
33102,22:28:00,22:28:00,1432752479,18,,,,,
33103,22:31:00,22:31:00,2177867806,0,,,,,
33103,,,872980957,1,,,,,
33103,,,1639803069,2,,,,,
33103,,,1457087092,3,,,,,
33103,,,1457087104,4,,,,,
33103,,,1457087089,5,,,,,
33103,,,1457087094,6,,,,,
33103,,,1457087114,7,,,,,
33103,,,1649117787,8,,,,,
33103,,,1459256369,9,,,,,
33103,,,1457087074,10,,,,,
33103,,,1457087122,11,,,,,
33103,,,1459256372,12,,,,,
33103,,,1457087066,13,,,,,
33103,,,1459256365,14,,,,,
33103,,,1457087118,15,,,,,
33103,,,1450589838,16,,,,,
33103,,,1473023940,17,,,,,
33103,22:56:00,22:56:00,1432752479,18,,,,,
33104,23:01:00,23:01:00,2177867806,0,,,,,
33104,,,872980957,1,,,,,
33104,,,1639803069,2,,,,,
33104,,,1457087092,3,,,,,
33104,,,1457087104,4,,,,,
33104,,,1457087089,5,,,,,
33104,,,1457087094,6,,,,,
33104,,,1457087114,7,,,,,
33104,,,1649117787,8,,,,,
33104,,,1459256369,9,,,,,
33104,,,1457087074,10,,,,,
33104,,,1457087122,11,,,,,
33104,,,1459256372,12,,,,,
33104,,,1457087066,13,,,,,
33104,,,1459256365,14,,,,,
33104,,,1457087118,15,,,,,
33104,,,1450589838,16,,,,,
33104,,,1473023940,17,,,,,
33104,23:26:00,23:26:00,1432752479,18,,,,,
33105,23:31:00,23:31:00,2177867806,0,,,,,
33105,,,872980957,1,,,,,
33105,,,1639803069,2,,,,,
33105,,,1457087092,3,,,,,
33105,,,1457087104,4,,,,,
33105,,,1457087089,5,,,,,
33105,,,1457087094,6,,,,,
33105,,,1457087114,7,,,,,
33105,,,1649117787,8,,,,,
33105,,,1459256369,9,,,,,
33105,,,1457087074,10,,,,,
33105,,,1457087122,11,,,,,
33105,,,1459256372,12,,,,,
33105,,,1457087066,13,,,,,
33105,,,1459256365,14,,,,,
33105,,,1457087118,15,,,,,
33105,,,1450589838,16,,,,,
33105,,,1473023940,17,,,,,
33105,23:56:00,23:56:00,1432752479,18,,,,,
33146,05:30:00,05:30:00,2177867806,0,,,,,
33146,,,872980957,1,,,,,
33146,,,1639803069,2,,,,,
33146,,,1457087092,3,,,,,
33146,,,1457087104,4,,,,,
33146,,,1457087089,5,,,,,
33146,,,1457087094,6,,,,,
33146,,,1457087114,7,,,,,
33146,,,1649117787,8,,,,,
33146,,,1459256369,9,,,,,
33146,,,1457087074,10,,,,,
33146,,,1457087122,11,,,,,
33146,,,1459256372,12,,,,,
33146,,,1457087066,13,,,,,
33146,,,1459256365,14,,,,,
33146,,,1457087118,15,,,,,
33146,,,1450589838,16,,,,,
33146,,,1473023940,17,,,,,
33146,05:55:00,05:55:00,1432752479,18,,,,,
33147,05:55:00,05:55:00,2177867806,0,,,,,
33147,,,872980957,1,,,,,
33147,,,1639803069,2,,,,,
33147,,,1457087092,3,,,,,
33147,,,1457087104,4,,,,,
33147,,,1457087089,5,,,,,
33147,,,1457087094,6,,,,,
33147,,,1457087114,7,,,,,
33147,,,1649117787,8,,,,,
33147,,,1459256369,9,,,,,
33147,,,1457087074,10,,,,,
33147,,,1457087122,11,,,,,
33147,,,1459256372,12,,,,,
33147,,,1457087066,13,,,,,
33147,,,1459256365,14,,,,,
33147,,,1457087118,15,,,,,
33147,,,1450589838,16,,,,,
33147,,,1473023940,17,,,,,
33147,06:20:00,06:20:00,1432752479,18,,,,,
33148,06:19:00,06:19:00,2177867806,0,,,,,
33148,,,872980957,1,,,,,
33148,,,1639803069,2,,,,,
33148,,,1457087092,3,,,,,
33148,,,1457087104,4,,,,,
33148,,,1457087089,5,,,,,
33148,,,1457087094,6,,,,,
33148,,,1457087114,7,,,,,
33148,,,1649117787,8,,,,,
33148,,,1459256369,9,,,,,
33148,,,1457087074,10,,,,,
33148,,,1457087122,11,,,,,
33148,,,1459256372,12,,,,,
33148,,,1457087066,13,,,,,
33148,,,1459256365,14,,,,,
33148,,,1457087118,15,,,,,
33148,,,1450589838,16,,,,,
33148,,,1473023940,17,,,,,
33148,06:44:00,06:44:00,1432752479,18,,,,,
33149,06:50:00,06:50:00,2177867806,0,,,,,
33149,,,872980957,1,,,,,
33149,,,1639803069,2,,,,,
33149,,,1457087092,3,,,,,
33149,,,1457087104,4,,,,,
33149,,,1457087089,5,,,,,
33149,,,1457087094,6,,,,,
33149,,,1457087114,7,,,,,
33149,,,1649117787,8,,,,,
33149,,,1459256369,9,,,,,
33149,,,1457087074,10,,,,,
33149,,,1457087122,11,,,,,
33149,,,1459256372,12,,,,,
33149,,,1457087066,13,,,,,
33149,,,1459256365,14,,,,,
33149,,,1457087118,15,,,,,
33149,,,1450589838,16,,,,,
33149,,,1473023940,17,,,,,
33149,07:15:00,07:15:00,1432752479,18,,,,,
33150,07:20:00,07:20:00,2177867806,0,,,,,
33150,,,872980957,1,,,,,
33150,,,1639803069,2,,,,,
33150,,,1457087092,3,,,,,
33150,,,1457087104,4,,,,,
33150,,,1457087089,5,,,,,
33150,,,1457087094,6,,,,,
33150,,,1457087114,7,,,,,
33150,,,1649117787,8,,,,,
33150,,,1459256369,9,,,,,
33150,,,1457087074,10,,,,,
33150,,,1457087122,11,,,,,
33150,,,1459256372,12,,,,,
33150,,,1457087066,13,,,,,
33150,,,1459256365,14,,,,,
33150,,,1457087118,15,,,,,
33150,,,1450589838,16,,,,,
33150,,,1473023940,17,,,,,
33150,07:45:00,07:45:00,1432752479,18,,,,,
33151,07:50:00,07:50:00,2177867806,0,,,,,
33151,,,872980957,1,,,,,
33151,,,1639803069,2,,,,,
33151,,,1457087092,3,,,,,
33151,,,1457087104,4,,,,,
33151,,,1457087089,5,,,,,
33151,,,1457087094,6,,,,,
33151,,,1457087114,7,,,,,
33151,,,1649117787,8,,,,,
33151,,,1459256369,9,,,,,
33151,,,1457087074,10,,,,,
33151,,,1457087122,11,,,,,
33151,,,1459256372,12,,,,,
33151,,,1457087066,13,,,,,
33151,,,1459256365,14,,,,,
33151,,,1457087118,15,,,,,
33151,,,1450589838,16,,,,,
33151,,,1473023940,17,,,,,
33151,08:15:00,08:15:00,1432752479,18,,,,,
33152,08:20:00,08:20:00,2177867806,0,,,,,
33152,,,872980957,1,,,,,
33152,,,1639803069,2,,,,,
33152,,,1457087092,3,,,,,
33152,,,1457087104,4,,,,,
33152,,,1457087089,5,,,,,
33152,,,1457087094,6,,,,,
33152,,,1457087114,7,,,,,
33152,,,1649117787,8,,,,,
33152,,,1459256369,9,,,,,
33152,,,1457087074,10,,,,,
33152,,,1457087122,11,,,,,
33152,,,1459256372,12,,,,,
33152,,,1457087066,13,,,,,
33152,,,1459256365,14,,,,,
33152,,,1457087118,15,,,,,
33152,,,1450589838,16,,,,,
33152,,,1473023940,17,,,,,
33152,08:45:00,08:45:00,1432752479,18,,,,,
33153,08:51:00,08:51:00,2177867806,0,,,,,
33153,,,872980957,1,,,,,
33153,,,1639803069,2,,,,,
33153,,,1457087092,3,,,,,
33153,,,1457087104,4,,,,,
33153,,,1457087089,5,,,,,
33153,,,1457087094,6,,,,,
33153,,,1457087114,7,,,,,
33153,,,1649117787,8,,,,,
33153,,,1459256369,9,,,,,
33153,,,1457087074,10,,,,,
33153,,,1457087122,11,,,,,
33153,,,1459256372,12,,,,,
33153,,,1457087066,13,,,,,
33153,,,1459256365,14,,,,,
33153,,,1457087118,15,,,,,
33153,,,1450589838,16,,,,,
33153,,,1473023940,17,,,,,
33153,09:16:00,09:16:00,1432752479,18,,,,,
33154,09:21:00,09:21:00,2177867806,0,,,,,
33154,,,872980957,1,,,,,
33154,,,1639803069,2,,,,,
33154,,,1457087092,3,,,,,
33154,,,1457087104,4,,,,,
33154,,,1457087089,5,,,,,
33154,,,1457087094,6,,,,,
33154,,,1457087114,7,,,,,
33154,,,1649117787,8,,,,,
33154,,,1459256369,9,,,,,
33154,,,1457087074,10,,,,,
33154,,,1457087122,11,,,,,
33154,,,1459256372,12,,,,,
33154,,,1457087066,13,,,,,
33154,,,1459256365,14,,,,,
33154,,,1457087118,15,,,,,
33154,,,1450589838,16,,,,,
33154,,,1473023940,17,,,,,
33154,09:46:00,09:46:00,1432752479,18,,,,,
33155,09:51:00,09:51:00,2177867806,0,,,,,
33155,,,872980957,1,,,,,
33155,,,1639803069,2,,,,,
33155,,,1457087092,3,,,,,
33155,,,1457087104,4,,,,,
33155,,,1457087089,5,,,,,
33155,,,1457087094,6,,,,,
33155,,,1457087114,7,,,,,
33155,,,1649117787,8,,,,,
33155,,,1459256369,9,,,,,
33155,,,1457087074,10,,,,,
33155,,,1457087122,11,,,,,
33155,,,1459256372,12,,,,,
33155,,,1457087066,13,,,,,
33155,,,1459256365,14,,,,,
33155,,,1457087118,15,,,,,
33155,,,1450589838,16,,,,,
33155,,,1473023940,17,,,,,
33155,10:16:00,10:16:00,1432752479,18,,,,,
33156,10:21:00,10:21:00,2177867806,0,,,,,
33156,,,872980957,1,,,,,
33156,,,1639803069,2,,,,,
33156,,,1457087092,3,,,,,
33156,,,1457087104,4,,,,,
33156,,,1457087089,5,,,,,
33156,,,1457087094,6,,,,,
33156,,,1457087114,7,,,,,
33156,,,1649117787,8,,,,,
33156,,,1459256369,9,,,,,
33156,,,1457087074,10,,,,,
33156,,,1457087122,11,,,,,
33156,,,1459256372,12,,,,,
33156,,,1457087066,13,,,,,
33156,,,1459256365,14,,,,,
33156,,,1457087118,15,,,,,
33156,,,1450589838,16,,,,,
33156,,,1473023940,17,,,,,
33156,10:46:00,10:46:00,1432752479,18,,,,,
33157,10:51:00,10:51:00,2177867806,0,,,,,
33157,,,872980957,1,,,,,
33157,,,1639803069,2,,,,,
33157,,,1457087092,3,,,,,
33157,,,1457087104,4,,,,,
33157,,,1457087089,5,,,,,
33157,,,1457087094,6,,,,,
33157,,,1457087114,7,,,,,
33157,,,1649117787,8,,,,,
33157,,,1459256369,9,,,,,
33157,,,1457087074,10,,,,,
33157,,,1457087122,11,,,,,
33157,,,1459256372,12,,,,,
33157,,,1457087066,13,,,,,
33157,,,1459256365,14,,,,,
33157,,,1457087118,15,,,,,
33157,,,1450589838,16,,,,,
33157,,,1473023940,17,,,,,
33157,11:16:00,11:16:00,1432752479,18,,,,,
33158,11:21:00,11:21:00,2177867806,0,,,,,
33158,,,872980957,1,,,,,
33158,,,1639803069,2,,,,,
33158,,,1457087092,3,,,,,
33158,,,1457087104,4,,,,,
33158,,,1457087089,5,,,,,
33158,,,1457087094,6,,,,,
33158,,,1457087114,7,,,,,
33158,,,1649117787,8,,,,,
33158,,,1459256369,9,,,,,
33158,,,1457087074,10,,,,,
33158,,,1457087122,11,,,,,
33158,,,1459256372,12,,,,,
33158,,,1457087066,13,,,,,
33158,,,1459256365,14,,,,,
33158,,,1457087118,15,,,,,
33158,,,1450589838,16,,,,,
33158,,,1473023940,17,,,,,
33158,11:46:00,11:46:00,1432752479,18,,,,,
33159,11:51:00,11:51:00,2177867806,0,,,,,
33159,,,872980957,1,,,,,
33159,,,1639803069,2,,,,,
33159,,,1457087092,3,,,,,
33159,,,1457087104,4,,,,,
33159,,,1457087089,5,,,,,
33159,,,1457087094,6,,,,,
33159,,,1457087114,7,,,,,
33159,,,1649117787,8,,,,,
33159,,,1459256369,9,,,,,
33159,,,1457087074,10,,,,,
33159,,,1457087122,11,,,,,
33159,,,1459256372,12,,,,,
33159,,,1457087066,13,,,,,
33159,,,1459256365,14,,,,,
33159,,,1457087118,15,,,,,
33159,,,1450589838,16,,,,,
33159,,,1473023940,17,,,,,
33159,12:16:00,12:16:00,1432752479,18,,,,,
33160,00:21:00,00:21:00,2177867806,0,,,,,
33160,,,872980957,1,,,,,
33160,,,1639803069,2,,,,,
33160,,,1457087092,3,,,,,
33160,,,1457087104,4,,,,,
33160,,,1457087089,5,,,,,
33160,,,1457087094,6,,,,,
33160,,,1457087114,7,,,,,
33160,,,1649117787,8,,,,,
33160,,,1459256369,9,,,,,
33160,,,1457087074,10,,,,,
33160,,,1457087122,11,,,,,
33160,,,1459256372,12,,,,,
33160,,,1457087066,13,,,,,
33160,,,1459256365,14,,,,,
33160,,,1457087118,15,,,,,
33160,,,1450589838,16,,,,,
33160,,,1473023940,17,,,,,
33160,00:46:00,00:46:00,1432752479,18,,,,,
33161,00:51:00,00:51:00,2177867806,0,,,,,
33161,,,872980957,1,,,,,
33161,,,1639803069,2,,,,,
33161,,,1457087092,3,,,,,
33161,,,1457087104,4,,,,,
33161,,,1457087089,5,,,,,
33161,,,1457087094,6,,,,,
33161,,,1457087114,7,,,,,
33161,,,1649117787,8,,,,,
33161,,,1459256369,9,,,,,
33161,,,1457087074,10,,,,,
33161,,,1457087122,11,,,,,
33161,,,1459256372,12,,,,,
33161,,,1457087066,13,,,,,
33161,,,1459256365,14,,,,,
33161,,,1457087118,15,,,,,
33161,,,1450589838,16,,,,,
33161,,,1473023940,17,,,,,
33161,01:16:00,01:16:00,1432752479,18,,,,,
33162,13:21:00,13:21:00,2177867806,0,,,,,
33162,,,872980957,1,,,,,
33162,,,1639803069,2,,,,,
33162,,,1457087092,3,,,,,
33162,,,1457087104,4,,,,,
33162,,,1457087089,5,,,,,
33162,,,1457087094,6,,,,,
33162,,,1457087114,7,,,,,
33162,,,1649117787,8,,,,,
33162,,,1459256369,9,,,,,
33162,,,1457087074,10,,,,,
33162,,,1457087122,11,,,,,
33162,,,1459256372,12,,,,,
33162,,,1457087066,13,,,,,
33162,,,1459256365,14,,,,,
33162,,,1457087118,15,,,,,
33162,,,1450589838,16,,,,,
33162,,,1473023940,17,,,,,
33162,13:46:00,13:46:00,1432752479,18,,,,,
33163,13:51:00,13:51:00,2177867806,0,,,,,
33163,,,872980957,1,,,,,
33163,,,1639803069,2,,,,,
33163,,,1457087092,3,,,,,
33163,,,1457087104,4,,,,,
33163,,,1457087089,5,,,,,
33163,,,1457087094,6,,,,,
33163,,,1457087114,7,,,,,
33163,,,1649117787,8,,,,,
33163,,,1459256369,9,,,,,
33163,,,1457087074,10,,,,,
33163,,,1457087122,11,,,,,
33163,,,1459256372,12,,,,,
33163,,,1457087066,13,,,,,
33163,,,1459256365,14,,,,,
33163,,,1457087118,15,,,,,
33163,,,1450589838,16,,,,,
33163,,,1473023940,17,,,,,
33163,14:16:00,14:16:00,1432752479,18,,,,,
33164,14:21:00,14:21:00,2177867806,0,,,,,
33164,,,872980957,1,,,,,
33164,,,1639803069,2,,,,,
33164,,,1457087092,3,,,,,
33164,,,1457087104,4,,,,,
33164,,,1457087089,5,,,,,
33164,,,1457087094,6,,,,,
33164,,,1457087114,7,,,,,
33164,,,1649117787,8,,,,,
33164,,,1459256369,9,,,,,
33164,,,1457087074,10,,,,,
33164,,,1457087122,11,,,,,
33164,,,1459256372,12,,,,,
33164,,,1457087066,13,,,,,
33164,,,1459256365,14,,,,,
33164,,,1457087118,15,,,,,
33164,,,1450589838,16,,,,,
33164,,,1473023940,17,,,,,
33164,14:46:00,14:46:00,1432752479,18,,,,,
33165,14:51:00,14:51:00,2177867806,0,,,,,
33165,,,872980957,1,,,,,
33165,,,1639803069,2,,,,,
33165,,,1457087092,3,,,,,
33165,,,1457087104,4,,,,,
33165,,,1457087089,5,,,,,
33165,,,1457087094,6,,,,,
33165,,,1457087114,7,,,,,
33165,,,1649117787,8,,,,,
33165,,,1459256369,9,,,,,
33165,,,1457087074,10,,,,,
33165,,,1457087122,11,,,,,
33165,,,1459256372,12,,,,,
33165,,,1457087066,13,,,,,
33165,,,1459256365,14,,,,,
33165,,,1457087118,15,,,,,
33165,,,1450589838,16,,,,,
33165,,,1473023940,17,,,,,
33165,15:16:00,15:16:00,1432752479,18,,,,,
33166,15:21:00,15:21:00,2177867806,0,,,,,
33166,,,872980957,1,,,,,
33166,,,1639803069,2,,,,,
33166,,,1457087092,3,,,,,
33166,,,1457087104,4,,,,,
33166,,,1457087089,5,,,,,
33166,,,1457087094,6,,,,,
33166,,,1457087114,7,,,,,
33166,,,1649117787,8,,,,,
33166,,,1459256369,9,,,,,
33166,,,1457087074,10,,,,,
33166,,,1457087122,11,,,,,
33166,,,1459256372,12,,,,,
33166,,,1457087066,13,,,,,
33166,,,1459256365,14,,,,,
33166,,,1457087118,15,,,,,
33166,,,1450589838,16,,,,,
33166,,,1473023940,17,,,,,
33166,15:46:00,15:46:00,1432752479,18,,,,,
33167,15:51:00,15:51:00,2177867806,0,,,,,
33167,,,872980957,1,,,,,
33167,,,1639803069,2,,,,,
33167,,,1457087092,3,,,,,
33167,,,1457087104,4,,,,,
33167,,,1457087089,5,,,,,
33167,,,1457087094,6,,,,,
33167,,,1457087114,7,,,,,
33167,,,1649117787,8,,,,,
33167,,,1459256369,9,,,,,
33167,,,1457087074,10,,,,,
33167,,,1457087122,11,,,,,
33167,,,1459256372,12,,,,,
33167,,,1457087066,13,,,,,
33167,,,1459256365,14,,,,,
33167,,,1457087118,15,,,,,
33167,,,1450589838,16,,,,,
33167,,,1473023940,17,,,,,
33167,16:16:00,16:16:00,1432752479,18,,,,,
33168,16:21:00,16:21:00,2177867806,0,,,,,
33168,,,872980957,1,,,,,
33168,,,1639803069,2,,,,,
33168,,,1457087092,3,,,,,
33168,,,1457087104,4,,,,,
33168,,,1457087089,5,,,,,
33168,,,1457087094,6,,,,,
33168,,,1457087114,7,,,,,
33168,,,1649117787,8,,,,,
33168,,,1459256369,9,,,,,
33168,,,1457087074,10,,,,,
33168,,,1457087122,11,,,,,
33168,,,1459256372,12,,,,,
33168,,,1457087066,13,,,,,
33168,,,1459256365,14,,,,,
33168,,,1457087118,15,,,,,
33168,,,1450589838,16,,,,,
33168,,,1473023940,17,,,,,
33168,16:46:00,16:46:00,1432752479,18,,,,,
33169,16:52:00,16:52:00,2177867806,0,,,,,
33169,,,872980957,1,,,,,
33169,,,1639803069,2,,,,,
33169,,,1457087092,3,,,,,
33169,,,1457087104,4,,,,,
33169,,,1457087089,5,,,,,
33169,,,1457087094,6,,,,,
33169,,,1457087114,7,,,,,
33169,,,1649117787,8,,,,,
33169,,,1459256369,9,,,,,
33169,,,1457087074,10,,,,,
33169,,,1457087122,11,,,,,
33169,,,1459256372,12,,,,,
33169,,,1457087066,13,,,,,
33169,,,1459256365,14,,,,,
33169,,,1457087118,15,,,,,
33169,,,1450589838,16,,,,,
33169,,,1473023940,17,,,,,
33169,17:17:00,17:17:00,1432752479,18,,,,,
33170,17:22:00,17:22:00,2177867806,0,,,,,
33170,,,872980957,1,,,,,
33170,,,1639803069,2,,,,,
33170,,,1457087092,3,,,,,
33170,,,1457087104,4,,,,,
33170,,,1457087089,5,,,,,
33170,,,1457087094,6,,,,,
33170,,,1457087114,7,,,,,
33170,,,1649117787,8,,,,,
33170,,,1459256369,9,,,,,
33170,,,1457087074,10,,,,,
33170,,,1457087122,11,,,,,
33170,,,1459256372,12,,,,,
33170,,,1457087066,13,,,,,
33170,,,1459256365,14,,,,,
33170,,,1457087118,15,,,,,
33170,,,1450589838,16,,,,,
33170,,,1473023940,17,,,,,
33170,17:47:00,17:47:00,1432752479,18,,,,,
33171,17:52:00,17:52:00,2177867806,0,,,,,
33171,,,872980957,1,,,,,
33171,,,1639803069,2,,,,,
33171,,,1457087092,3,,,,,
33171,,,1457087104,4,,,,,
33171,,,1457087089,5,,,,,
33171,,,1457087094,6,,,,,
33171,,,1457087114,7,,,,,
33171,,,1649117787,8,,,,,
33171,,,1459256369,9,,,,,
33171,,,1457087074,10,,,,,
33171,,,1457087122,11,,,,,
33171,,,1459256372,12,,,,,
33171,,,1457087066,13,,,,,
33171,,,1459256365,14,,,,,
33171,,,1457087118,15,,,,,
33171,,,1450589838,16,,,,,
33171,,,1473023940,17,,,,,
33171,18:17:00,18:17:00,1432752479,18,,,,,
33172,18:22:00,18:22:00,2177867806,0,,,,,
33172,,,872980957,1,,,,,
33172,,,1639803069,2,,,,,
33172,,,1457087092,3,,,,,
33172,,,1457087104,4,,,,,
33172,,,1457087089,5,,,,,
33172,,,1457087094,6,,,,,
33172,,,1457087114,7,,,,,
33172,,,1649117787,8,,,,,
33172,,,1459256369,9,,,,,
33172,,,1457087074,10,,,,,
33172,,,1457087122,11,,,,,
33172,,,1459256372,12,,,,,
33172,,,1457087066,13,,,,,
33172,,,1459256365,14,,,,,
33172,,,1457087118,15,,,,,
33172,,,1450589838,16,,,,,
33172,,,1473023940,17,,,,,
33172,18:47:00,18:47:00,1432752479,18,,,,,
33173,18:52:00,18:52:00,2177867806,0,,,,,
33173,,,872980957,1,,,,,
33173,,,1639803069,2,,,,,
33173,,,1457087092,3,,,,,
33173,,,1457087104,4,,,,,
33173,,,1457087089,5,,,,,
33173,,,1457087094,6,,,,,
33173,,,1457087114,7,,,,,
33173,,,1649117787,8,,,,,
33173,,,1459256369,9,,,,,
33173,,,1457087074,10,,,,,
33173,,,1457087122,11,,,,,
33173,,,1459256372,12,,,,,
33173,,,1457087066,13,,,,,
33173,,,1459256365,14,,,,,
33173,,,1457087118,15,,,,,
33173,,,1450589838,16,,,,,
33173,,,1473023940,17,,,,,
33173,19:17:00,19:17:00,1432752479,18,,,,,
33174,19:22:00,19:22:00,2177867806,0,,,,,
33174,,,872980957,1,,,,,
33174,,,1639803069,2,,,,,
33174,,,1457087092,3,,,,,
33174,,,1457087104,4,,,,,
33174,,,1457087089,5,,,,,
33174,,,1457087094,6,,,,,
33174,,,1457087114,7,,,,,
33174,,,1649117787,8,,,,,
33174,,,1459256369,9,,,,,
33174,,,1457087074,10,,,,,
33174,,,1457087122,11,,,,,
33174,,,1459256372,12,,,,,
33174,,,1457087066,13,,,,,
33174,,,1459256365,14,,,,,
33174,,,1457087118,15,,,,,
33174,,,1450589838,16,,,,,
33174,,,1473023940,17,,,,,
33174,19:47:00,19:47:00,1432752479,18,,,,,
33175,19:52:00,19:52:00,2177867806,0,,,,,
33175,,,872980957,1,,,,,
33175,,,1639803069,2,,,,,
33175,,,1457087092,3,,,,,
33175,,,1457087104,4,,,,,
33175,,,1457087089,5,,,,,
33175,,,1457087094,6,,,,,
33175,,,1457087114,7,,,,,
33175,,,1649117787,8,,,,,
33175,,,1459256369,9,,,,,
33175,,,1457087074,10,,,,,
33175,,,1457087122,11,,,,,
33175,,,1459256372,12,,,,,
33175,,,1457087066,13,,,,,
33175,,,1459256365,14,,,,,
33175,,,1457087118,15,,,,,
33175,,,1450589838,16,,,,,
33175,,,1473023940,17,,,,,
33175,20:17:00,20:17:00,1432752479,18,,,,,
33176,20:22:00,20:22:00,2177867806,0,,,,,
33176,,,872980957,1,,,,,
33176,,,1639803069,2,,,,,
33176,,,1457087092,3,,,,,
33176,,,1457087104,4,,,,,
33176,,,1457087089,5,,,,,
33176,,,1457087094,6,,,,,
33176,,,1457087114,7,,,,,
33176,,,1649117787,8,,,,,
33176,,,1459256369,9,,,,,
33176,,,1457087074,10,,,,,
33176,,,1457087122,11,,,,,
33176,,,1459256372,12,,,,,
33176,,,1457087066,13,,,,,
33176,,,1459256365,14,,,,,
33176,,,1457087118,15,,,,,
33176,,,1450589838,16,,,,,
33176,,,1473023940,17,,,,,
33176,20:47:00,20:47:00,1432752479,18,,,,,
33177,20:52:00,20:52:00,2177867806,0,,,,,
33177,,,872980957,1,,,,,
33177,,,1639803069,2,,,,,
33177,,,1457087092,3,,,,,
33177,,,1457087104,4,,,,,
33177,,,1457087089,5,,,,,
33177,,,1457087094,6,,,,,
33177,,,1457087114,7,,,,,
33177,,,1649117787,8,,,,,
33177,,,1459256369,9,,,,,
33177,,,1457087074,10,,,,,
33177,,,1457087122,11,,,,,
33177,,,1459256372,12,,,,,
33177,,,1457087066,13,,,,,
33177,,,1459256365,14,,,,,
33177,,,1457087118,15,,,,,
33177,,,1450589838,16,,,,,
33177,,,1473023940,17,,,,,
33177,21:17:00,21:17:00,1432752479,18,,,,,
33178,21:22:00,21:22:00,2177867806,0,,,,,
33178,,,872980957,1,,,,,
33178,,,1639803069,2,,,,,
33178,,,1457087092,3,,,,,
33178,,,1457087104,4,,,,,
33178,,,1457087089,5,,,,,
33178,,,1457087094,6,,,,,
33178,,,1457087114,7,,,,,
33178,,,1649117787,8,,,,,
33178,,,1459256369,9,,,,,
33178,,,1457087074,10,,,,,
33178,,,1457087122,11,,,,,
33178,,,1459256372,12,,,,,
33178,,,1457087066,13,,,,,
33178,,,1459256365,14,,,,,
33178,,,1457087118,15,,,,,
33178,,,1450589838,16,,,,,
33178,,,1473023940,17,,,,,
33178,21:47:00,21:47:00,1432752479,18,,,,,
33179,21:50:00,21:50:00,2177867806,0,,,,,
33179,,,872980957,1,,,,,
33179,,,1639803069,2,,,,,
33179,,,1457087092,3,,,,,
33179,,,1457087104,4,,,,,
33179,,,1457087089,5,,,,,
33179,,,1457087094,6,,,,,
33179,,,1457087114,7,,,,,
33179,,,1649117787,8,,,,,
33179,,,1459256369,9,,,,,
33179,,,1457087074,10,,,,,
33179,,,1457087122,11,,,,,
33179,,,1459256372,12,,,,,
33179,,,1457087066,13,,,,,
33179,,,1459256365,14,,,,,
33179,,,1457087118,15,,,,,
33179,,,1450589838,16,,,,,
33179,,,1473023940,17,,,,,
33179,22:15:00,22:15:00,1432752479,18,,,,,
33180,22:20:00,22:20:00,2177867806,0,,,,,
33180,,,872980957,1,,,,,
33180,,,1639803069,2,,,,,
33180,,,1457087092,3,,,,,
33180,,,1457087104,4,,,,,
33180,,,1457087089,5,,,,,
33180,,,1457087094,6,,,,,
33180,,,1457087114,7,,,,,
33180,,,1649117787,8,,,,,
33180,,,1459256369,9,,,,,
33180,,,1457087074,10,,,,,
33180,,,1457087122,11,,,,,
33180,,,1459256372,12,,,,,
33180,,,1457087066,13,,,,,
33180,,,1459256365,14,,,,,
33180,,,1457087118,15,,,,,
33180,,,1450589838,16,,,,,
33180,,,1473023940,17,,,,,
33180,22:45:00,22:45:00,1432752479,18,,,,,
33181,22:49:00,22:49:00,2177867806,0,,,,,
33181,,,872980957,1,,,,,
33181,,,1639803069,2,,,,,
33181,,,1457087092,3,,,,,
33181,,,1457087104,4,,,,,
33181,,,1457087089,5,,,,,
33181,,,1457087094,6,,,,,
33181,,,1457087114,7,,,,,
33181,,,1649117787,8,,,,,
33181,,,1459256369,9,,,,,
33181,,,1457087074,10,,,,,
33181,,,1457087122,11,,,,,
33181,,,1459256372,12,,,,,
33181,,,1457087066,13,,,,,
33181,,,1459256365,14,,,,,
33181,,,1457087118,15,,,,,
33181,,,1450589838,16,,,,,
33181,,,1473023940,17,,,,,
33181,23:14:00,23:14:00,1432752479,18,,,,,
33182,23:19:00,23:19:00,2177867806,0,,,,,
33182,,,872980957,1,,,,,
33182,,,1639803069,2,,,,,
33182,,,1457087092,3,,,,,
33182,,,1457087104,4,,,,,
33182,,,1457087089,5,,,,,
33182,,,1457087094,6,,,,,
33182,,,1457087114,7,,,,,
33182,,,1649117787,8,,,,,
33182,,,1459256369,9,,,,,
33182,,,1457087074,10,,,,,
33182,,,1457087122,11,,,,,
33182,,,1459256372,12,,,,,
33182,,,1457087066,13,,,,,
33182,,,1459256365,14,,,,,
33182,,,1457087118,15,,,,,
33182,,,1450589838,16,,,,,
33182,,,1473023940,17,,,,,
33182,23:44:00,23:44:00,1432752479,18,,,,,
33183,23:49:00,23:49:00,2177867806,0,,,,,
33183,,,872980957,1,,,,,
33183,,,1639803069,2,,,,,
33183,,,1457087092,3,,,,,
33183,,,1457087104,4,,,,,
33183,,,1457087089,5,,,,,
33183,,,1457087094,6,,,,,
33183,,,1457087114,7,,,,,
33183,,,1649117787,8,,,,,
33183,,,1459256369,9,,,,,
33183,,,1457087074,10,,,,,
33183,,,1457087122,11,,,,,
33183,,,1459256372,12,,,,,
33183,,,1457087066,13,,,,,
33183,,,1459256365,14,,,,,
33183,,,1457087118,15,,,,,
33183,,,1450589838,16,,,,,
33183,,,1473023940,17,,,,,
33183,00:14:00,00:14:00,1432752479,18,,,,,
