trip_id,arrival_time,departure_time,stop_id,stop_sequence,stop_headsign,pickup_type,drop_off_type,shape_dist_traveled,timepoint
1364,05:30:00,05:30:00,1749712867,0,,,,,
1364,,,1749712892,1,,,,,
1364,,,1695509266,2,,,,,
1364,,,1749712898,3,,,,,
1364,,,1695509268,4,,,,,
1364,,,1749712902,5,,,,,
1364,,,1903375235,6,,,,,
1364,,,1749712907,7,,,,,
1364,,,1749712916,8,,,,,
1364,,,1749712917,9,,,,,
1364,,,1749712921,10,,,,,
1364,,,1903375223,11,,,,,
1364,,,1447420440,12,,,,,
1364,,,1471840100,13,,,,,
1364,,,1707846046,14,,,,,
1364,,,1707846038,15,,,,,
1364,,,1707846007,16,,,,,
1364,,,1707846020,17,,,,,
1364,,,1707846075,18,,,,,
1364,,,1427179786,19,,,,,
1364,,,1427179798,20,,,,,
1364,,,1715695980,21,,,,,
1364,,,1715695966,22,,,,,
1364,,,1690408193,23,,,,,
1364,,,1427179796,24,,,,,
1364,,,1432752479,25,,,,,
1364,05:56:00,05:56:00,43719878,26,,,,,
1365,05:50:00,05:50:00,1749712867,0,,,,,
1365,,,1749712892,1,,,,,
1365,,,1695509266,2,,,,,
1365,,,1749712898,3,,,,,
1365,,,1695509268,4,,,,,
1365,,,1749712902,5,,,,,
1365,,,1903375235,6,,,,,
1365,,,1749712907,7,,,,,
1365,,,1749712916,8,,,,,
1365,,,1749712917,9,,,,,
1365,,,1749712921,10,,,,,
1365,,,1903375223,11,,,,,
1365,,,1447420440,12,,,,,
1365,,,1471840100,13,,,,,
1365,,,1707846046,14,,,,,
1365,,,1707846038,15,,,,,
1365,,,1707846007,16,,,,,
1365,,,1707846020,17,,,,,
1365,,,1707846075,18,,,,,
1365,,,1427179786,19,,,,,
1365,,,1427179798,20,,,,,
1365,,,1715695980,21,,,,,
1365,,,1715695966,22,,,,,
1365,,,1690408193,23,,,,,
1365,,,1427179796,24,,,,,
1365,,,1432752479,25,,,,,
1365,06:16:00,06:16:00,43719878,26,,,,,
1366,06:00:00,06:00:00,1749712867,0,,,,,
1366,,,1749712892,1,,,,,
1366,,,1695509266,2,,,,,
1366,,,1749712898,3,,,,,
1366,,,1695509268,4,,,,,
1366,,,1749712902,5,,,,,
1366,,,1903375235,6,,,,,
1366,,,1749712907,7,,,,,
1366,,,1749712916,8,,,,,
1366,,,1749712917,9,,,,,
1366,,,1749712921,10,,,,,
1366,,,1903375223,11,,,,,
1366,,,1447420440,12,,,,,
1366,,,1471840100,13,,,,,
1366,,,1707846046,14,,,,,
1366,,,1707846038,15,,,,,
1366,,,1707846007,16,,,,,
1366,,,1707846020,17,,,,,
1366,,,1707846075,18,,,,,
1366,,,1427179786,19,,,,,
1366,,,1427179798,20,,,,,
1366,,,1715695980,21,,,,,
1366,,,1715695966,22,,,,,
1366,,,1690408193,23,,,,,
1366,,,1427179796,24,,,,,
1366,,,1432752479,25,,,,,
1366,06:26:00,06:26:00,43719878,26,,,,,
1367,06:10:00,06:10:00,1749712867,0,,,,,
1367,,,1749712892,1,,,,,
1367,,,1695509266,2,,,,,
1367,,,1749712898,3,,,,,
1367,,,1695509268,4,,,,,
1367,,,1749712902,5,,,,,
1367,,,1903375235,6,,,,,
1367,,,1749712907,7,,,,,
1367,,,1749712916,8,,,,,
1367,,,1749712917,9,,,,,
1367,,,1749712921,10,,,,,
1367,,,1903375223,11,,,,,
1367,,,1447420440,12,,,,,
1367,,,1471840100,13,,,,,
1367,,,1707846046,14,,,,,
1367,,,1707846038,15,,,,,
1367,,,1707846007,16,,,,,
1367,,,1707846020,17,,,,,
1367,,,1707846075,18,,,,,
1367,,,1427179786,19,,,,,
1367,,,1427179798,20,,,,,
1367,,,1715695980,21,,,,,
1367,,,1715695966,22,,,,,
1367,,,1690408193,23,,,,,
1367,,,1427179796,24,,,,,
1367,,,1432752479,25,,,,,
1367,06:36:00,06:36:00,43719878,26,,,,,
1368,06:20:00,06:20:00,1749712867,0,,,,,
1368,,,1749712892,1,,,,,
1368,,,1695509266,2,,,,,
1368,,,1749712898,3,,,,,
1368,,,1695509268,4,,,,,
1368,,,1749712902,5,,,,,
1368,,,1903375235,6,,,,,
1368,,,1749712907,7,,,,,
1368,,,1749712916,8,,,,,
1368,,,1749712917,9,,,,,
1368,,,1749712921,10,,,,,
1368,,,1903375223,11,,,,,
1368,,,1447420440,12,,,,,
1368,,,1471840100,13,,,,,
1368,,,1707846046,14,,,,,
1368,,,1707846038,15,,,,,
1368,,,1707846007,16,,,,,
1368,,,1707846020,17,,,,,
1368,,,1707846075,18,,,,,
1368,,,1427179786,19,,,,,
1368,,,1427179798,20,,,,,
1368,,,1715695980,21,,,,,
1368,,,1715695966,22,,,,,
1368,,,1690408193,23,,,,,
1368,,,1427179796,24,,,,,
1368,,,1432752479,25,,,,,
1368,06:46:00,06:46:00,43719878,26,,,,,
1369,06:30:00,06:30:00,1749712867,0,,,,,
1369,,,1749712892,1,,,,,
1369,,,1695509266,2,,,,,
1369,,,1749712898,3,,,,,
1369,,,1695509268,4,,,,,
1369,,,1749712902,5,,,,,
1369,,,1903375235,6,,,,,
1369,,,1749712907,7,,,,,
1369,,,1749712916,8,,,,,
1369,,,1749712917,9,,,,,
1369,,,1749712921,10,,,,,
1369,,,1903375223,11,,,,,
1369,,,1447420440,12,,,,,
1369,,,1471840100,13,,,,,
1369,,,1707846046,14,,,,,
1369,,,1707846038,15,,,,,
1369,,,1707846007,16,,,,,
1369,,,1707846020,17,,,,,
1369,,,1707846075,18,,,,,
1369,,,1427179786,19,,,,,
1369,,,1427179798,20,,,,,
1369,,,1715695980,21,,,,,
1369,,,1715695966,22,,,,,
1369,,,1690408193,23,,,,,
1369,,,1427179796,24,,,,,
1369,,,1432752479,25,,,,,
1369,06:56:00,06:56:00,43719878,26,,,,,
1370,06:40:00,06:40:00,1749712867,0,,,,,
1370,,,1749712892,1,,,,,
1370,,,1695509266,2,,,,,
1370,,,1749712898,3,,,,,
1370,,,1695509268,4,,,,,
1370,,,1749712902,5,,,,,
1370,,,1903375235,6,,,,,
1370,,,1749712907,7,,,,,
1370,,,1749712916,8,,,,,
1370,,,1749712917,9,,,,,
1370,,,1749712921,10,,,,,
1370,,,1903375223,11,,,,,
1370,,,1447420440,12,,,,,
1370,,,1471840100,13,,,,,
1370,,,1707846046,14,,,,,
1370,,,1707846038,15,,,,,
1370,,,1707846007,16,,,,,
1370,,,1707846020,17,,,,,
1370,,,1707846075,18,,,,,
1370,,,1427179786,19,,,,,
1370,,,1427179798,20,,,,,
1370,,,1715695980,21,,,,,
1370,,,1715695966,22,,,,,
1370,,,1690408193,23,,,,,
1370,,,1427179796,24,,,,,
1370,,,1432752479,25,,,,,
1370,07:06:00,07:06:00,43719878,26,,,,,
1371,07:00:00,07:00:00,1749712867,0,,,,,
1371,,,1749712892,1,,,,,
1371,,,1695509266,2,,,,,
1371,,,1749712898,3,,,,,
1371,,,1695509268,4,,,,,
1371,,,1749712902,5,,,,,
1371,,,1903375235,6,,,,,
1371,,,1749712907,7,,,,,
1371,,,1749712916,8,,,,,
1371,,,1749712917,9,,,,,
1371,,,1749712921,10,,,,,
1371,,,1903375223,11,,,,,
1371,,,1447420440,12,,,,,
1371,,,1471840100,13,,,,,
1371,,,1707846046,14,,,,,
1371,,,1707846038,15,,,,,
1371,,,1707846007,16,,,,,
1371,,,1707846020,17,,,,,
1371,,,1707846075,18,,,,,
1371,,,1427179786,19,,,,,
1371,,,1427179798,20,,,,,
1371,,,1715695980,21,,,,,
1371,,,1715695966,22,,,,,
1371,,,1690408193,23,,,,,
1371,,,1427179796,24,,,,,
1371,,,1432752479,25,,,,,
1371,07:26:00,07:26:00,43719878,26,,,,,
1372,07:20:00,07:20:00,1749712867,0,,,,,
1372,,,1749712892,1,,,,,
1372,,,1695509266,2,,,,,
1372,,,1749712898,3,,,,,
1372,,,1695509268,4,,,,,
1372,,,1749712902,5,,,,,
1372,,,1903375235,6,,,,,
1372,,,1749712907,7,,,,,
1372,,,1749712916,8,,,,,
1372,,,1749712917,9,,,,,
1372,,,1749712921,10,,,,,
1372,,,1903375223,11,,,,,
1372,,,1447420440,12,,,,,
1372,,,1471840100,13,,,,,
1372,,,1707846046,14,,,,,
1372,,,1707846038,15,,,,,
1372,,,1707846007,16,,,,,
1372,,,1707846020,17,,,,,
1372,,,1707846075,18,,,,,
1372,,,1427179786,19,,,,,
1372,,,1427179798,20,,,,,
1372,,,1715695980,21,,,,,
1372,,,1715695966,22,,,,,
1372,,,1690408193,23,,,,,
1372,,,1427179796,24,,,,,
1372,,,1432752479,25,,,,,
1372,07:46:00,07:46:00,43719878,26,,,,,
1373,07:35:00,07:35:00,1749712867,0,,,,,
1373,,,1749712892,1,,,,,
1373,,,1695509266,2,,,,,
1373,,,1749712898,3,,,,,
1373,,,1695509268,4,,,,,
1373,,,1749712902,5,,,,,
1373,,,1903375235,6,,,,,
1373,,,1749712907,7,,,,,
1373,,,1749712916,8,,,,,
1373,,,1749712917,9,,,,,
1373,,,1749712921,10,,,,,
1373,,,1903375223,11,,,,,
1373,,,1447420440,12,,,,,
1373,,,1471840100,13,,,,,
1373,,,1707846046,14,,,,,
1373,,,1707846038,15,,,,,
1373,,,1707846007,16,,,,,
1373,,,1707846020,17,,,,,
1373,,,1707846075,18,,,,,
1373,,,1427179786,19,,,,,
1373,,,1427179798,20,,,,,
1373,,,1715695980,21,,,,,
1373,,,1715695966,22,,,,,
1373,,,1690408193,23,,,,,
1373,,,1427179796,24,,,,,
1373,,,1432752479,25,,,,,
1373,08:01:00,08:01:00,43719878,26,,,,,
1374,07:45:00,07:45:00,1749712867,0,,,,,
1374,,,1749712892,1,,,,,
1374,,,1695509266,2,,,,,
1374,,,1749712898,3,,,,,
1374,,,1695509268,4,,,,,
1374,,,1749712902,5,,,,,
1374,,,1903375235,6,,,,,
1374,,,1749712907,7,,,,,
1374,,,1749712916,8,,,,,
1374,,,1749712917,9,,,,,
1374,,,1749712921,10,,,,,
1374,,,1903375223,11,,,,,
1374,,,1447420440,12,,,,,
1374,,,1471840100,13,,,,,
1374,,,1707846046,14,,,,,
1374,,,1707846038,15,,,,,
1374,,,1707846007,16,,,,,
1374,,,1707846020,17,,,,,
1374,,,1707846075,18,,,,,
1374,,,1427179786,19,,,,,
1374,,,1427179798,20,,,,,
1374,,,1715695980,21,,,,,
1374,,,1715695966,22,,,,,
1374,,,1690408193,23,,,,,
1374,,,1427179796,24,,,,,
1374,,,1432752479,25,,,,,
1374,08:11:00,08:11:00,43719878,26,,,,,
1375,08:00:00,08:00:00,1749712867,0,,,,,
1375,,,1749712892,1,,,,,
1375,,,1695509266,2,,,,,
1375,,,1749712898,3,,,,,
1375,,,1695509268,4,,,,,
1375,,,1749712902,5,,,,,
1375,,,1903375235,6,,,,,
1375,,,1749712907,7,,,,,
1375,,,1749712916,8,,,,,
1375,,,1749712917,9,,,,,
1375,,,1749712921,10,,,,,
1375,,,1903375223,11,,,,,
1375,,,1447420440,12,,,,,
1375,,,1471840100,13,,,,,
1375,,,1707846046,14,,,,,
1375,,,1707846038,15,,,,,
1375,,,1707846007,16,,,,,
1375,,,1707846020,17,,,,,
1375,,,1707846075,18,,,,,
1375,,,1427179786,19,,,,,
1375,,,1427179798,20,,,,,
1375,,,1715695980,21,,,,,
1375,,,1715695966,22,,,,,
1375,,,1690408193,23,,,,,
1375,,,1427179796,24,,,,,
1375,,,1432752479,25,,,,,
1375,08:26:00,08:26:00,43719878,26,,,,,
1376,08:10:00,08:10:00,1749712867,0,,,,,
1376,,,1749712892,1,,,,,
1376,,,1695509266,2,,,,,
1376,,,1749712898,3,,,,,
1376,,,1695509268,4,,,,,
1376,,,1749712902,5,,,,,
1376,,,1903375235,6,,,,,
1376,,,1749712907,7,,,,,
1376,,,1749712916,8,,,,,
1376,,,1749712917,9,,,,,
1376,,,1749712921,10,,,,,
1376,,,1903375223,11,,,,,
1376,,,1447420440,12,,,,,
1376,,,1471840100,13,,,,,
1376,,,1707846046,14,,,,,
1376,,,1707846038,15,,,,,
1376,,,1707846007,16,,,,,
1376,,,1707846020,17,,,,,
1376,,,1707846075,18,,,,,
1376,,,1427179786,19,,,,,
1376,,,1427179798,20,,,,,
1376,,,1715695980,21,,,,,
1376,,,1715695966,22,,,,,
1376,,,1690408193,23,,,,,
1376,,,1427179796,24,,,,,
1376,,,1432752479,25,,,,,
1376,08:36:00,08:36:00,43719878,26,,,,,
1377,08:25:00,08:25:00,1749712867,0,,,,,
1377,,,1749712892,1,,,,,
1377,,,1695509266,2,,,,,
1377,,,1749712898,3,,,,,
1377,,,1695509268,4,,,,,
1377,,,1749712902,5,,,,,
1377,,,1903375235,6,,,,,
1377,,,1749712907,7,,,,,
1377,,,1749712916,8,,,,,
1377,,,1749712917,9,,,,,
1377,,,1749712921,10,,,,,
1377,,,1903375223,11,,,,,
1377,,,1447420440,12,,,,,
1377,,,1471840100,13,,,,,
1377,,,1707846046,14,,,,,
1377,,,1707846038,15,,,,,
1377,,,1707846007,16,,,,,
1377,,,1707846020,17,,,,,
1377,,,1707846075,18,,,,,
1377,,,1427179786,19,,,,,
1377,,,1427179798,20,,,,,
1377,,,1715695980,21,,,,,
1377,,,1715695966,22,,,,,
1377,,,1690408193,23,,,,,
1377,,,1427179796,24,,,,,
1377,,,1432752479,25,,,,,
1377,08:51:00,08:51:00,43719878,26,,,,,
1378,08:45:00,08:45:00,1749712867,0,,,,,
1378,,,1749712892,1,,,,,
1378,,,1695509266,2,,,,,
1378,,,1749712898,3,,,,,
1378,,,1695509268,4,,,,,
1378,,,1749712902,5,,,,,
1378,,,1903375235,6,,,,,
1378,,,1749712907,7,,,,,
1378,,,1749712916,8,,,,,
1378,,,1749712917,9,,,,,
1378,,,1749712921,10,,,,,
1378,,,1903375223,11,,,,,
1378,,,1447420440,12,,,,,
1378,,,1471840100,13,,,,,
1378,,,1707846046,14,,,,,
1378,,,1707846038,15,,,,,
1378,,,1707846007,16,,,,,
1378,,,1707846020,17,,,,,
1378,,,1707846075,18,,,,,
1378,,,1427179786,19,,,,,
1378,,,1427179798,20,,,,,
1378,,,1715695980,21,,,,,
1378,,,1715695966,22,,,,,
1378,,,1690408193,23,,,,,
1378,,,1427179796,24,,,,,
1378,,,1432752479,25,,,,,
1378,09:11:00,09:11:00,43719878,26,,,,,
1379,08:55:00,08:55:00,1749712867,0,,,,,
1379,,,1749712892,1,,,,,
1379,,,1695509266,2,,,,,
1379,,,1749712898,3,,,,,
1379,,,1695509268,4,,,,,
1379,,,1749712902,5,,,,,
1379,,,1903375235,6,,,,,
1379,,,1749712907,7,,,,,
1379,,,1749712916,8,,,,,
1379,,,1749712917,9,,,,,
1379,,,1749712921,10,,,,,
1379,,,1903375223,11,,,,,
1379,,,1447420440,12,,,,,
1379,,,1471840100,13,,,,,
1379,,,1707846046,14,,,,,
1379,,,1707846038,15,,,,,
1379,,,1707846007,16,,,,,
1379,,,1707846020,17,,,,,
1379,,,1707846075,18,,,,,
1379,,,1427179786,19,,,,,
1379,,,1427179798,20,,,,,
1379,,,1715695980,21,,,,,
1379,,,1715695966,22,,,,,
1379,,,1690408193,23,,,,,
1379,,,1427179796,24,,,,,
1379,,,1432752479,25,,,,,
1379,09:21:00,09:21:00,43719878,26,,,,,
1436,06:30:00,06:30:00,1749712867,0,,,,,
1436,,,1749712892,1,,,,,
1436,,,1695509266,2,,,,,
1436,,,1749712898,3,,,,,
1436,,,1695509268,4,,,,,
1436,,,1749712902,5,,,,,
1436,,,1903375235,6,,,,,
1436,,,1749712907,7,,,,,
1436,,,1749712916,8,,,,,
1436,,,1749712917,9,,,,,
1436,,,1749712921,10,,,,,
1436,,,1903375223,11,,,,,
1436,,,1447420440,12,,,,,
1436,,,1471840100,13,,,,,
1436,,,1707846046,14,,,,,
1436,,,1707846038,15,,,,,
1436,,,1707846007,16,,,,,
1436,,,1707846020,17,,,,,
1436,,,1707846075,18,,,,,
1436,,,1427179786,19,,,,,
1436,,,1427179798,20,,,,,
1436,,,1715695980,21,,,,,
1436,,,1715695966,22,,,,,
1436,,,1690408193,23,,,,,
1436,,,1427179796,24,,,,,
1436,,,1432752479,25,,,,,
1436,06:56:00,06:56:00,43719878,26,,,,,
1380,05:40:00,05:40:00,43719878,0,,,,,
1380,,,1534021473,1,,,,,
1380,,,1424233276,2,,,,,
1380,,,1431853040,3,,,,,
1380,,,1431470229,4,,,,,
1380,,,1723070990,5,,,,,
1380,,,1715695954,6,,,,,
1380,,,1715695959,7,,,,,
1380,,,1715695962,8,,,,,
1380,,,1674562478,9,,,,,
1380,,,1674562473,10,,,,,
1380,,,1674562474,11,,,,,
1380,,,1674562471,12,,,,,
1380,,,1674562475,13,,,,,
1380,,,1472933794,14,,,,,
1380,,,1447430608,15,,,,,
1380,,,2278336795,16,,,,,
1380,,,1749712929,17,,,,,
1380,,,1749712873,18,,,,,
1380,,,1749712878,19,,,,,
1380,,,1749712883,20,,,,,
1380,,,1749712891,21,,,,,
1380,06:07:00,06:07:00,1749712867,22,,,,,
1381,06:00:00,06:00:00,43719878,0,,,,,
1381,,,1534021473,1,,,,,
1381,,,1424233276,2,,,,,
1381,,,1431853040,3,,,,,
1381,,,1431470229,4,,,,,
1381,,,1723070990,5,,,,,
1381,,,1715695954,6,,,,,
1381,,,1715695959,7,,,,,
1381,,,1715695962,8,,,,,
1381,,,1674562478,9,,,,,
1381,,,1674562473,10,,,,,
1381,,,1674562474,11,,,,,
1381,,,1674562471,12,,,,,
1381,,,1674562475,13,,,,,
1381,,,1472933794,14,,,,,
1381,,,1447430608,15,,,,,
1381,,,2278336795,16,,,,,
1381,,,1749712929,17,,,,,
1381,,,1749712873,18,,,,,
1381,,,1749712878,19,,,,,
1381,,,1749712883,20,,,,,
1381,,,1749712891,21,,,,,
1381,06:27:00,06:27:00,1749712867,22,,,,,
1382,06:15:00,06:15:00,43719878,0,,,,,
1382,,,1534021473,1,,,,,
1382,,,1424233276,2,,,,,
1382,,,1431853040,3,,,,,
1382,,,1431470229,4,,,,,
1382,,,1723070990,5,,,,,
1382,,,1715695954,6,,,,,
1382,,,1715695959,7,,,,,
1382,,,1715695962,8,,,,,
1382,,,1674562478,9,,,,,
1382,,,1674562473,10,,,,,
1382,,,1674562474,11,,,,,
1382,,,1674562471,12,,,,,
1382,,,1674562475,13,,,,,
1382,,,1472933794,14,,,,,
1382,,,1447430608,15,,,,,
1382,,,2278336795,16,,,,,
1382,,,1749712929,17,,,,,
1382,,,1749712873,18,,,,,
1382,,,1749712878,19,,,,,
1382,,,1749712883,20,,,,,
1382,,,1749712891,21,,,,,
1382,06:42:00,06:42:00,1749712867,22,,,,,
1383,07:10:00,07:10:00,43719878,0,,,,,
1383,,,1534021473,1,,,,,
1383,,,1424233276,2,,,,,
1383,,,1431853040,3,,,,,
1383,,,1431470229,4,,,,,
1383,,,1723070990,5,,,,,
1383,,,1715695954,6,,,,,
1383,,,1715695959,7,,,,,
1383,,,1715695962,8,,,,,
1383,,,1674562478,9,,,,,
1383,,,1674562473,10,,,,,
1383,,,1674562474,11,,,,,
1383,,,1674562471,12,,,,,
1383,,,1674562475,13,,,,,
1383,,,1472933794,14,,,,,
1383,,,1447430608,15,,,,,
1383,,,2278336795,16,,,,,
1383,,,1749712929,17,,,,,
1383,,,1749712873,18,,,,,
1383,,,1749712878,19,,,,,
1383,,,1749712883,20,,,,,
1383,,,1749712891,21,,,,,
1383,07:37:00,07:37:00,1749712867,22,,,,,
1384,07:20:00,07:20:00,43719878,0,,,,,
1384,,,1534021473,1,,,,,
1384,,,1424233276,2,,,,,
1384,,,1431853040,3,,,,,
1384,,,1431470229,4,,,,,
1384,,,1723070990,5,,,,,
1384,,,1715695954,6,,,,,
1384,,,1715695959,7,,,,,
1384,,,1715695962,8,,,,,
1384,,,1674562478,9,,,,,
1384,,,1674562473,10,,,,,
1384,,,1674562474,11,,,,,
1384,,,1674562471,12,,,,,
1384,,,1674562475,13,,,,,
1384,,,1472933794,14,,,,,
1384,,,1447430608,15,,,,,
1384,,,2278336795,16,,,,,
1384,,,1749712929,17,,,,,
1384,,,1749712873,18,,,,,
1384,,,1749712878,19,,,,,
1384,,,1749712883,20,,,,,
1384,,,1749712891,21,,,,,
1384,07:47:00,07:47:00,1749712867,22,,,,,
1385,07:35:00,07:35:00,43719878,0,,,,,
1385,,,1534021473,1,,,,,
1385,,,1424233276,2,,,,,
1385,,,1431853040,3,,,,,
1385,,,1431470229,4,,,,,
1385,,,1723070990,5,,,,,
1385,,,1715695954,6,,,,,
1385,,,1715695959,7,,,,,
1385,,,1715695962,8,,,,,
1385,,,1674562478,9,,,,,
1385,,,1674562473,10,,,,,
1385,,,1674562474,11,,,,,
1385,,,1674562471,12,,,,,
1385,,,1674562475,13,,,,,
1385,,,1472933794,14,,,,,
1385,,,1447430608,15,,,,,
1385,,,2278336795,16,,,,,
1385,,,1749712929,17,,,,,
1385,,,1749712873,18,,,,,
1385,,,1749712878,19,,,,,
1385,,,1749712883,20,,,,,
1385,,,1749712891,21,,,,,
1385,08:02:00,08:02:00,1749712867,22,,,,,
1386,07:50:00,07:50:00,43719878,0,,,,,
1386,,,1534021473,1,,,,,
1386,,,1424233276,2,,,,,
1386,,,1431853040,3,,,,,
1386,,,1431470229,4,,,,,
1386,,,1723070990,5,,,,,
1386,,,1715695954,6,,,,,
1386,,,1715695959,7,,,,,
1386,,,1715695962,8,,,,,
1386,,,1674562478,9,,,,,
1386,,,1674562473,10,,,,,
1386,,,1674562474,11,,,,,
1386,,,1674562471,12,,,,,
1386,,,1674562475,13,,,,,
1386,,,1472933794,14,,,,,
1386,,,1447430608,15,,,,,
1386,,,2278336795,16,,,,,
1386,,,1749712929,17,,,,,
1386,,,1749712873,18,,,,,
1386,,,1749712878,19,,,,,
1386,,,1749712883,20,,,,,
1386,,,1749712891,21,,,,,
1386,08:17:00,08:17:00,1749712867,22,,,,,
1387,08:00:00,08:00:00,43719878,0,,,,,
1387,,,1534021473,1,,,,,
1387,,,1424233276,2,,,,,
1387,,,1431853040,3,,,,,
1387,,,1431470229,4,,,,,
1387,,,1723070990,5,,,,,
1387,,,1715695954,6,,,,,
1387,,,1715695959,7,,,,,
1387,,,1715695962,8,,,,,
1387,,,1674562478,9,,,,,
1387,,,1674562473,10,,,,,
1387,,,1674562474,11,,,,,
1387,,,1674562471,12,,,,,
1387,,,1674562475,13,,,,,
1387,,,1472933794,14,,,,,
1387,,,1447430608,15,,,,,
1387,,,2278336795,16,,,,,
1387,,,1749712929,17,,,,,
1387,,,1749712873,18,,,,,
1387,,,1749712878,19,,,,,
1387,,,1749712883,20,,,,,
1387,,,1749712891,21,,,,,
1387,08:27:00,08:27:00,1749712867,22,,,,,
1388,08:20:00,08:20:00,43719878,0,,,,,
1388,,,1534021473,1,,,,,
1388,,,1424233276,2,,,,,
1388,,,1431853040,3,,,,,
1388,,,1431470229,4,,,,,
1388,,,1723070990,5,,,,,
1388,,,1715695954,6,,,,,
1388,,,1715695959,7,,,,,
1388,,,1715695962,8,,,,,
1388,,,1674562478,9,,,,,
1388,,,1674562473,10,,,,,
1388,,,1674562474,11,,,,,
1388,,,1674562471,12,,,,,
1388,,,1674562475,13,,,,,
1388,,,1472933794,14,,,,,
1388,,,1447430608,15,,,,,
1388,,,2278336795,16,,,,,
1388,,,1749712929,17,,,,,
1388,,,1749712873,18,,,,,
1388,,,1749712878,19,,,,,
1388,,,1749712883,20,,,,,
1388,,,1749712891,21,,,,,
1388,08:47:00,08:47:00,1749712867,22,,,,,
1389,08:30:00,08:30:00,43719878,0,,,,,
1389,,,1534021473,1,,,,,
1389,,,1424233276,2,,,,,
1389,,,1431853040,3,,,,,
1389,,,1431470229,4,,,,,
1389,,,1723070990,5,,,,,
1389,,,1715695954,6,,,,,
1389,,,1715695959,7,,,,,
1389,,,1715695962,8,,,,,
1389,,,1674562478,9,,,,,
1389,,,1674562473,10,,,,,
1389,,,1674562474,11,,,,,
1389,,,1674562471,12,,,,,
1389,,,1674562475,13,,,,,
1389,,,1472933794,14,,,,,
1389,,,1447430608,15,,,,,
1389,,,2278336795,16,,,,,
1389,,,1749712929,17,,,,,
1389,,,1749712873,18,,,,,
1389,,,1749712878,19,,,,,
1389,,,1749712883,20,,,,,
1389,,,1749712891,21,,,,,
1389,08:57:00,08:57:00,1749712867,22,,,,,
1390,08:55:00,08:55:00,43719878,0,,,,,
1390,,,1534021473,1,,,,,
1390,,,1424233276,2,,,,,
1390,,,1431853040,3,,,,,
1390,,,1431470229,4,,,,,
1390,,,1723070990,5,,,,,
1390,,,1715695954,6,,,,,
1390,,,1715695959,7,,,,,
1390,,,1715695962,8,,,,,
1390,,,1674562478,9,,,,,
1390,,,1674562473,10,,,,,
1390,,,1674562474,11,,,,,
1390,,,1674562471,12,,,,,
1390,,,1674562475,13,,,,,
1390,,,1472933794,14,,,,,
1390,,,1447430608,15,,,,,
1390,,,2278336795,16,,,,,
1390,,,1749712929,17,,,,,
1390,,,1749712873,18,,,,,
1390,,,1749712878,19,,,,,
1390,,,1749712883,20,,,,,
1390,,,1749712891,21,,,,,
1390,09:22:00,09:22:00,1749712867,22,,,,,
1391,09:10:00,09:10:00,43719878,0,,,,,
1391,,,1534021473,1,,,,,
1391,,,1424233276,2,,,,,
1391,,,1431853040,3,,,,,
1391,,,1431470229,4,,,,,
1391,,,1723070990,5,,,,,
1391,,,1715695954,6,,,,,
1391,,,1715695959,7,,,,,
1391,,,1715695962,8,,,,,
1391,,,1674562478,9,,,,,
1391,,,1674562473,10,,,,,
1391,,,1674562474,11,,,,,
1391,,,1674562471,12,,,,,
1391,,,1674562475,13,,,,,
1391,,,1472933794,14,,,,,
1391,,,1447430608,15,,,,,
1391,,,2278336795,16,,,,,
1391,,,1749712929,17,,,,,
1391,,,1749712873,18,,,,,
1391,,,1749712878,19,,,,,
1391,,,1749712883,20,,,,,
1391,,,1749712891,21,,,,,
1391,09:37:00,09:37:00,1749712867,22,,,,,
1392,09:30:00,09:30:00,43719878,0,,,,,
1392,,,1534021473,1,,,,,
1392,,,1424233276,2,,,,,
1392,,,1431853040,3,,,,,
1392,,,1431470229,4,,,,,
1392,,,1723070990,5,,,,,
1392,,,1715695954,6,,,,,
1392,,,1715695959,7,,,,,
1392,,,1715695962,8,,,,,
1392,,,1674562478,9,,,,,
1392,,,1674562473,10,,,,,
1392,,,1674562474,11,,,,,
1392,,,1674562471,12,,,,,
1392,,,1674562475,13,,,,,
1392,,,1472933794,14,,,,,
1392,,,1447430608,15,,,,,
1392,,,2278336795,16,,,,,
1392,,,1749712929,17,,,,,
1392,,,1749712873,18,,,,,
1392,,,1749712878,19,,,,,
1392,,,1749712883,20,,,,,
1392,,,1749712891,21,,,,,
1392,09:57:00,09:57:00,1749712867,22,,,,,
1393,09:50:00,09:50:00,43719878,0,,,,,
1393,,,1534021473,1,,,,,
1393,,,1424233276,2,,,,,
1393,,,1431853040,3,,,,,
1393,,,1431470229,4,,,,,
1393,,,1723070990,5,,,,,
1393,,,1715695954,6,,,,,
1393,,,1715695959,7,,,,,
1393,,,1715695962,8,,,,,
1393,,,1674562478,9,,,,,
1393,,,1674562473,10,,,,,
1393,,,1674562474,11,,,,,
1393,,,1674562471,12,,,,,
1393,,,1674562475,13,,,,,
1393,,,1472933794,14,,,,,
1393,,,1447430608,15,,,,,
1393,,,2278336795,16,,,,,
1393,,,1749712929,17,,,,,
1393,,,1749712873,18,,,,,
1393,,,1749712878,19,,,,,
1393,,,1749712883,20,,,,,
1393,,,1749712891,21,,,,,
1393,10:17:00,10:17:00,1749712867,22,,,,,
1394,10:10:00,10:10:00,43719878,0,,,,,
1394,,,1534021473,1,,,,,
1394,,,1424233276,2,,,,,
1394,,,1431853040,3,,,,,
1394,,,1431470229,4,,,,,
1394,,,1723070990,5,,,,,
1394,,,1715695954,6,,,,,
1394,,,1715695959,7,,,,,
1394,,,1715695962,8,,,,,
1394,,,1674562478,9,,,,,
1394,,,1674562473,10,,,,,
1394,,,1674562474,11,,,,,
1394,,,1674562471,12,,,,,
1394,,,1674562475,13,,,,,
1394,,,1472933794,14,,,,,
1394,,,1447430608,15,,,,,
1394,,,2278336795,16,,,,,
1394,,,1749712929,17,,,,,
1394,,,1749712873,18,,,,,
1394,,,1749712878,19,,,,,
1394,,,1749712883,20,,,,,
1394,,,1749712891,21,,,,,
1394,10:37:00,10:37:00,1749712867,22,,,,,
1395,10:30:00,10:30:00,43719878,0,,,,,
1395,,,1534021473,1,,,,,
1395,,,1424233276,2,,,,,
1395,,,1431853040,3,,,,,
1395,,,1431470229,4,,,,,
1395,,,1723070990,5,,,,,
1395,,,1715695954,6,,,,,
1395,,,1715695959,7,,,,,
1395,,,1715695962,8,,,,,
1395,,,1674562478,9,,,,,
1395,,,1674562473,10,,,,,
1395,,,1674562474,11,,,,,
1395,,,1674562471,12,,,,,
1395,,,1674562475,13,,,,,
1395,,,1472933794,14,,,,,
1395,,,1447430608,15,,,,,
1395,,,2278336795,16,,,,,
1395,,,1749712929,17,,,,,
1395,,,1749712873,18,,,,,
1395,,,1749712878,19,,,,,
1395,,,1749712883,20,,,,,
1395,,,1749712891,21,,,,,
1395,10:57:00,10:57:00,1749712867,22,,,,,
1396,10:40:00,10:40:00,43719878,0,,,,,
1396,,,1534021473,1,,,,,
1396,,,1424233276,2,,,,,
1396,,,1431853040,3,,,,,
1396,,,1431470229,4,,,,,
1396,,,1723070990,5,,,,,
1396,,,1715695954,6,,,,,
1396,,,1715695959,7,,,,,
1396,,,1715695962,8,,,,,
1396,,,1674562478,9,,,,,
1396,,,1674562473,10,,,,,
1396,,,1674562474,11,,,,,
1396,,,1674562471,12,,,,,
1396,,,1674562475,13,,,,,
1396,,,1472933794,14,,,,,
1396,,,1447430608,15,,,,,
1396,,,2278336795,16,,,,,
1396,,,1749712929,17,,,,,
1396,,,1749712873,18,,,,,
1396,,,1749712878,19,,,,,
1396,,,1749712883,20,,,,,
1396,,,1749712891,21,,,,,
1396,11:07:00,11:07:00,1749712867,22,,,,,
1397,10:55:00,10:55:00,43719878,0,,,,,
1397,,,1534021473,1,,,,,
1397,,,1424233276,2,,,,,
1397,,,1431853040,3,,,,,
1397,,,1431470229,4,,,,,
1397,,,1723070990,5,,,,,
1397,,,1715695954,6,,,,,
1397,,,1715695959,7,,,,,
1397,,,1715695962,8,,,,,
1397,,,1674562478,9,,,,,
1397,,,1674562473,10,,,,,
1397,,,1674562474,11,,,,,
1397,,,1674562471,12,,,,,
1397,,,1674562475,13,,,,,
1397,,,1472933794,14,,,,,
1397,,,1447430608,15,,,,,
1397,,,2278336795,16,,,,,
1397,,,1749712929,17,,,,,
1397,,,1749712873,18,,,,,
1397,,,1749712878,19,,,,,
1397,,,1749712883,20,,,,,
1397,,,1749712891,21,,,,,
1397,11:22:00,11:22:00,1749712867,22,,,,,
1398,11:10:00,11:10:00,43719878,0,,,,,
1398,,,1534021473,1,,,,,
1398,,,1424233276,2,,,,,
1398,,,1431853040,3,,,,,
1398,,,1431470229,4,,,,,
1398,,,1723070990,5,,,,,
1398,,,1715695954,6,,,,,
1398,,,1715695959,7,,,,,
1398,,,1715695962,8,,,,,
1398,,,1674562478,9,,,,,
1398,,,1674562473,10,,,,,
1398,,,1674562474,11,,,,,
1398,,,1674562471,12,,,,,
1398,,,1674562475,13,,,,,
1398,,,1472933794,14,,,,,
1398,,,1447430608,15,,,,,
1398,,,2278336795,16,,,,,
1398,,,1749712929,17,,,,,
1398,,,1749712873,18,,,,,
1398,,,1749712878,19,,,,,
1398,,,1749712883,20,,,,,
1398,,,1749712891,21,,,,,
1398,11:37:00,11:37:00,1749712867,22,,,,,
1399,11:30:00,11:30:00,43719878,0,,,,,
1399,,,1534021473,1,,,,,
1399,,,1424233276,2,,,,,
1399,,,1431853040,3,,,,,
1399,,,1431470229,4,,,,,
1399,,,1723070990,5,,,,,
1399,,,1715695954,6,,,,,
1399,,,1715695959,7,,,,,
1399,,,1715695962,8,,,,,
1399,,,1674562478,9,,,,,
1399,,,1674562473,10,,,,,
1399,,,1674562474,11,,,,,
1399,,,1674562471,12,,,,,
1399,,,1674562475,13,,,,,
1399,,,1472933794,14,,,,,
1399,,,1447430608,15,,,,,
1399,,,2278336795,16,,,,,
1399,,,1749712929,17,,,,,
1399,,,1749712873,18,,,,,
1399,,,1749712878,19,,,,,
1399,,,1749712883,20,,,,,
1399,,,1749712891,21,,,,,
1399,11:57:00,11:57:00,1749712867,22,,,,,
1400,11:50:00,11:50:00,43719878,0,,,,,
1400,,,1534021473,1,,,,,
1400,,,1424233276,2,,,,,
1400,,,1431853040,3,,,,,
1400,,,1431470229,4,,,,,
1400,,,1723070990,5,,,,,
1400,,,1715695954,6,,,,,
1400,,,1715695959,7,,,,,
1400,,,1715695962,8,,,,,
1400,,,1674562478,9,,,,,
1400,,,1674562473,10,,,,,
1400,,,1674562474,11,,,,,
1400,,,1674562471,12,,,,,
1400,,,1674562475,13,,,,,
1400,,,1472933794,14,,,,,
1400,,,1447430608,15,,,,,
1400,,,2278336795,16,,,,,
1400,,,1749712929,17,,,,,
1400,,,1749712873,18,,,,,
1400,,,1749712878,19,,,,,
1400,,,1749712883,20,,,,,
1400,,,1749712891,21,,,,,
1400,12:17:00,12:17:00,1749712867,22,,,,,
1401,00:15:00,00:15:00,43719878,0,,,,,
1401,,,1534021473,1,,,,,
1401,,,1424233276,2,,,,,
1401,,,1431853040,3,,,,,
1401,,,1431470229,4,,,,,
1401,,,1723070990,5,,,,,
1401,,,1715695954,6,,,,,
1401,,,1715695959,7,,,,,
1401,,,1715695962,8,,,,,
1401,,,1674562478,9,,,,,
1401,,,1674562473,10,,,,,
1401,,,1674562474,11,,,,,
1401,,,1674562471,12,,,,,
1401,,,1674562475,13,,,,,
1401,,,1472933794,14,,,,,
1401,,,1447430608,15,,,,,
1401,,,2278336795,16,,,,,
1401,,,1749712929,17,,,,,
1401,,,1749712873,18,,,,,
1401,,,1749712878,19,,,,,
1401,,,1749712883,20,,,,,
1401,,,1749712891,21,,,,,
1401,00:42:00,00:42:00,1749712867,22,,,,,
1402,00:30:00,00:30:00,43719878,0,,,,,
1402,,,1534021473,1,,,,,
1402,,,1424233276,2,,,,,
1402,,,1431853040,3,,,,,
1402,,,1431470229,4,,,,,
1402,,,1723070990,5,,,,,
1402,,,1715695954,6,,,,,
1402,,,1715695959,7,,,,,
1402,,,1715695962,8,,,,,
1402,,,1674562478,9,,,,,
1402,,,1674562473,10,,,,,
1402,,,1674562474,11,,,,,
1402,,,1674562471,12,,,,,
1402,,,1674562475,13,,,,,
1402,,,1472933794,14,,,,,
1402,,,1447430608,15,,,,,
1402,,,2278336795,16,,,,,
1402,,,1749712929,17,,,,,
1402,,,1749712873,18,,,,,
1402,,,1749712878,19,,,,,
1402,,,1749712883,20,,,,,
1402,,,1749712891,21,,,,,
1402,00:57:00,00:57:00,1749712867,22,,,,,
1403,00:50:00,00:50:00,43719878,0,,,,,
1403,,,1534021473,1,,,,,
1403,,,1424233276,2,,,,,
1403,,,1431853040,3,,,,,
1403,,,1431470229,4,,,,,
1403,,,1723070990,5,,,,,
1403,,,1715695954,6,,,,,
1403,,,1715695959,7,,,,,
1403,,,1715695962,8,,,,,
1403,,,1674562478,9,,,,,
1403,,,1674562473,10,,,,,
1403,,,1674562474,11,,,,,
1403,,,1674562471,12,,,,,
1403,,,1674562475,13,,,,,
1403,,,1472933794,14,,,,,
1403,,,1447430608,15,,,,,
1403,,,2278336795,16,,,,,
1403,,,1749712929,17,,,,,
1403,,,1749712873,18,,,,,
1403,,,1749712878,19,,,,,
1403,,,1749712883,20,,,,,
1403,,,1749712891,21,,,,,
1403,01:17:00,01:17:00,1749712867,22,,,,,
1404,13:00:00,13:00:00,43719878,0,,,,,
1404,,,1534021473,1,,,,,
1404,,,1424233276,2,,,,,
1404,,,1431853040,3,,,,,
1404,,,1431470229,4,,,,,
1404,,,1723070990,5,,,,,
1404,,,1715695954,6,,,,,
1404,,,1715695959,7,,,,,
1404,,,1715695962,8,,,,,
1404,,,1674562478,9,,,,,
1404,,,1674562473,10,,,,,
1404,,,1674562474,11,,,,,
1404,,,1674562471,12,,,,,
1404,,,1674562475,13,,,,,
1404,,,1472933794,14,,,,,
1404,,,1447430608,15,,,,,
1404,,,2278336795,16,,,,,
1404,,,1749712929,17,,,,,
1404,,,1749712873,18,,,,,
1404,,,1749712878,19,,,,,
1404,,,1749712883,20,,,,,
1404,,,1749712891,21,,,,,
1404,13:27:00,13:27:00,1749712867,22,,,,,
1405,13:10:00,13:10:00,43719878,0,,,,,
1405,,,1534021473,1,,,,,
1405,,,1424233276,2,,,,,
1405,,,1431853040,3,,,,,
1405,,,1431470229,4,,,,,
1405,,,1723070990,5,,,,,
1405,,,1715695954,6,,,,,
1405,,,1715695959,7,,,,,
1405,,,1715695962,8,,,,,
1405,,,1674562478,9,,,,,
1405,,,1674562473,10,,,,,
1405,,,1674562474,11,,,,,
1405,,,1674562471,12,,,,,
1405,,,1674562475,13,,,,,
1405,,,1472933794,14,,,,,
1405,,,1447430608,15,,,,,
1405,,,2278336795,16,,,,,
1405,,,1749712929,17,,,,,
1405,,,1749712873,18,,,,,
1405,,,1749712878,19,,,,,
1405,,,1749712883,20,,,,,
1405,,,1749712891,21,,,,,
1405,13:37:00,13:37:00,1749712867,22,,,,,
1406,13:55:00,13:55:00,43719878,0,,,,,
1406,,,1534021473,1,,,,,
1406,,,1424233276,2,,,,,
1406,,,1431853040,3,,,,,
1406,,,1431470229,4,,,,,
1406,,,1723070990,5,,,,,
1406,,,1715695954,6,,,,,
1406,,,1715695959,7,,,,,
1406,,,1715695962,8,,,,,
1406,,,1674562478,9,,,,,
1406,,,1674562473,10,,,,,
1406,,,1674562474,11,,,,,
1406,,,1674562471,12,,,,,
1406,,,1674562475,13,,,,,
1406,,,1472933794,14,,,,,
1406,,,1447430608,15,,,,,
1406,,,2278336795,16,,,,,
1406,,,1749712929,17,,,,,
1406,,,1749712873,18,,,,,
1406,,,1749712878,19,,,,,
1406,,,1749712883,20,,,,,
1406,,,1749712891,21,,,,,
1406,14:22:00,14:22:00,1749712867,22,,,,,
1407,14:15:00,14:15:00,43719878,0,,,,,
1407,,,1534021473,1,,,,,
1407,,,1424233276,2,,,,,
1407,,,1431853040,3,,,,,
1407,,,1431470229,4,,,,,
1407,,,1723070990,5,,,,,
1407,,,1715695954,6,,,,,
1407,,,1715695959,7,,,,,
1407,,,1715695962,8,,,,,
1407,,,1674562478,9,,,,,
1407,,,1674562473,10,,,,,
1407,,,1674562474,11,,,,,
1407,,,1674562471,12,,,,,
1407,,,1674562475,13,,,,,
1407,,,1472933794,14,,,,,
1407,,,1447430608,15,,,,,
1407,,,2278336795,16,,,,,
1407,,,1749712929,17,,,,,
1407,,,1749712873,18,,,,,
1407,,,1749712878,19,,,,,
1407,,,1749712883,20,,,,,
1407,,,1749712891,21,,,,,
1407,14:42:00,14:42:00,1749712867,22,,,,,
1408,14:30:00,14:30:00,43719878,0,,,,,
1408,,,1534021473,1,,,,,
1408,,,1424233276,2,,,,,
1408,,,1431853040,3,,,,,
1408,,,1431470229,4,,,,,
1408,,,1723070990,5,,,,,
1408,,,1715695954,6,,,,,
1408,,,1715695959,7,,,,,
1408,,,1715695962,8,,,,,
1408,,,1674562478,9,,,,,
1408,,,1674562473,10,,,,,
1408,,,1674562474,11,,,,,
1408,,,1674562471,12,,,,,
1408,,,1674562475,13,,,,,
1408,,,1472933794,14,,,,,
1408,,,1447430608,15,,,,,
1408,,,2278336795,16,,,,,
1408,,,1749712929,17,,,,,
1408,,,1749712873,18,,,,,
1408,,,1749712878,19,,,,,
1408,,,1749712883,20,,,,,
1408,,,1749712891,21,,,,,
1408,14:57:00,14:57:00,1749712867,22,,,,,
1409,15:00:00,15:00:00,43719878,0,,,,,
1409,,,1534021473,1,,,,,
1409,,,1424233276,2,,,,,
1409,,,1431853040,3,,,,,
1409,,,1431470229,4,,,,,
1409,,,1723070990,5,,,,,
1409,,,1715695954,6,,,,,
1409,,,1715695959,7,,,,,
1409,,,1715695962,8,,,,,
1409,,,1674562478,9,,,,,
1409,,,1674562473,10,,,,,
1409,,,1674562474,11,,,,,
1409,,,1674562471,12,,,,,
1409,,,1674562475,13,,,,,
1409,,,1472933794,14,,,,,
1409,,,1447430608,15,,,,,
1409,,,2278336795,16,,,,,
1409,,,1749712929,17,,,,,
1409,,,1749712873,18,,,,,
1409,,,1749712878,19,,,,,
1409,,,1749712883,20,,,,,
1409,,,1749712891,21,,,,,
1409,15:27:00,15:27:00,1749712867,22,,,,,
1410,15:30:00,15:30:00,43719878,0,,,,,
1410,,,1534021473,1,,,,,
1410,,,1424233276,2,,,,,
1410,,,1431853040,3,,,,,
1410,,,1431470229,4,,,,,
1410,,,1723070990,5,,,,,
1410,,,1715695954,6,,,,,
1410,,,1715695959,7,,,,,
1410,,,1715695962,8,,,,,
1410,,,1674562478,9,,,,,
1410,,,1674562473,10,,,,,
1410,,,1674562474,11,,,,,
1410,,,1674562471,12,,,,,
1410,,,1674562475,13,,,,,
1410,,,1472933794,14,,,,,
1410,,,1447430608,15,,,,,
1410,,,2278336795,16,,,,,
1410,,,1749712929,17,,,,,
1410,,,1749712873,18,,,,,
1410,,,1749712878,19,,,,,
1410,,,1749712883,20,,,,,
1410,,,1749712891,21,,,,,
1410,15:57:00,15:57:00,1749712867,22,,,,,
1411,15:40:00,15:40:00,43719878,0,,,,,
1411,,,1534021473,1,,,,,
1411,,,1424233276,2,,,,,
1411,,,1431853040,3,,,,,
1411,,,1431470229,4,,,,,
1411,,,1723070990,5,,,,,
1411,,,1715695954,6,,,,,
1411,,,1715695959,7,,,,,
1411,,,1715695962,8,,,,,
1411,,,1674562478,9,,,,,
1411,,,1674562473,10,,,,,
1411,,,1674562474,11,,,,,
1411,,,1674562471,12,,,,,
1411,,,1674562475,13,,,,,
1411,,,1472933794,14,,,,,
1411,,,1447430608,15,,,,,
1411,,,2278336795,16,,,,,
1411,,,1749712929,17,,,,,
1411,,,1749712873,18,,,,,
1411,,,1749712878,19,,,,,
1411,,,1749712883,20,,,,,
1411,,,1749712891,21,,,,,
1411,16:07:00,16:07:00,1749712867,22,,,,,
1412,16:10:00,16:10:00,43719878,0,,,,,
1412,,,1534021473,1,,,,,
1412,,,1424233276,2,,,,,
1412,,,1431853040,3,,,,,
1412,,,1431470229,4,,,,,
1412,,,1723070990,5,,,,,
1412,,,1715695954,6,,,,,
1412,,,1715695959,7,,,,,
1412,,,1715695962,8,,,,,
1412,,,1674562478,9,,,,,
1412,,,1674562473,10,,,,,
1412,,,1674562474,11,,,,,
1412,,,1674562471,12,,,,,
1412,,,1674562475,13,,,,,
1412,,,1472933794,14,,,,,
1412,,,1447430608,15,,,,,
1412,,,2278336795,16,,,,,
1412,,,1749712929,17,,,,,
1412,,,1749712873,18,,,,,
1412,,,1749712878,19,,,,,
1412,,,1749712883,20,,,,,
1412,,,1749712891,21,,,,,
1412,16:37:00,16:37:00,1749712867,22,,,,,
1413,16:30:00,16:30:00,43719878,0,,,,,
1413,,,1534021473,1,,,,,
1413,,,1424233276,2,,,,,
1413,,,1431853040,3,,,,,
1413,,,1431470229,4,,,,,
1413,,,1723070990,5,,,,,
1413,,,1715695954,6,,,,,
1413,,,1715695959,7,,,,,
1413,,,1715695962,8,,,,,
1413,,,1674562478,9,,,,,
1413,,,1674562473,10,,,,,
1413,,,1674562474,11,,,,,
1413,,,1674562471,12,,,,,
1413,,,1674562475,13,,,,,
1413,,,1472933794,14,,,,,
1413,,,1447430608,15,,,,,
1413,,,2278336795,16,,,,,
1413,,,1749712929,17,,,,,
1413,,,1749712873,18,,,,,
1413,,,1749712878,19,,,,,
1413,,,1749712883,20,,,,,
1413,,,1749712891,21,,,,,
1413,16:57:00,16:57:00,1749712867,22,,,,,
1414,16:45:00,16:45:00,43719878,0,,,,,
1414,,,1534021473,1,,,,,
1414,,,1424233276,2,,,,,
1414,,,1431853040,3,,,,,
1414,,,1431470229,4,,,,,
1414,,,1723070990,5,,,,,
1414,,,1715695954,6,,,,,
1414,,,1715695959,7,,,,,
1414,,,1715695962,8,,,,,
1414,,,1674562478,9,,,,,
1414,,,1674562473,10,,,,,
1414,,,1674562474,11,,,,,
1414,,,1674562471,12,,,,,
1414,,,1674562475,13,,,,,
1414,,,1472933794,14,,,,,
1414,,,1447430608,15,,,,,
1414,,,2278336795,16,,,,,
1414,,,1749712929,17,,,,,
1414,,,1749712873,18,,,,,
1414,,,1749712878,19,,,,,
1414,,,1749712883,20,,,,,
1414,,,1749712891,21,,,,,
1414,17:12:00,17:12:00,1749712867,22,,,,,
1415,16:55:00,16:55:00,43719878,0,,,,,
1415,,,1534021473,1,,,,,
1415,,,1424233276,2,,,,,
1415,,,1431853040,3,,,,,
1415,,,1431470229,4,,,,,
1415,,,1723070990,5,,,,,
1415,,,1715695954,6,,,,,
1415,,,1715695959,7,,,,,
1415,,,1715695962,8,,,,,
1415,,,1674562478,9,,,,,
1415,,,1674562473,10,,,,,
1415,,,1674562474,11,,,,,
1415,,,1674562471,12,,,,,
1415,,,1674562475,13,,,,,
1415,,,1472933794,14,,,,,
1415,,,1447430608,15,,,,,
1415,,,2278336795,16,,,,,
1415,,,1749712929,17,,,,,
1415,,,1749712873,18,,,,,
1415,,,1749712878,19,,,,,
1415,,,1749712883,20,,,,,
1415,,,1749712891,21,,,,,
1415,17:22:00,17:22:00,1749712867,22,,,,,
1416,17:10:00,17:10:00,43719878,0,,,,,
1416,,,1534021473,1,,,,,
1416,,,1424233276,2,,,,,
1416,,,1431853040,3,,,,,
1416,,,1431470229,4,,,,,
1416,,,1723070990,5,,,,,
1416,,,1715695954,6,,,,,
1416,,,1715695959,7,,,,,
1416,,,1715695962,8,,,,,
1416,,,1674562478,9,,,,,
1416,,,1674562473,10,,,,,
1416,,,1674562474,11,,,,,
1416,,,1674562471,12,,,,,
1416,,,1674562475,13,,,,,
1416,,,1472933794,14,,,,,
1416,,,1447430608,15,,,,,
1416,,,2278336795,16,,,,,
1416,,,1749712929,17,,,,,
1416,,,1749712873,18,,,,,
1416,,,1749712878,19,,,,,
1416,,,1749712883,20,,,,,
1416,,,1749712891,21,,,,,
1416,17:37:00,17:37:00,1749712867,22,,,,,
1417,17:36:00,17:36:00,43719878,0,,,,,
1417,,,1534021473,1,,,,,
1417,,,1424233276,2,,,,,
1417,,,1431853040,3,,,,,
1417,,,1431470229,4,,,,,
1417,,,1723070990,5,,,,,
1417,,,1715695954,6,,,,,
1417,,,1715695959,7,,,,,
1417,,,1715695962,8,,,,,
1417,,,1674562478,9,,,,,
1417,,,1674562473,10,,,,,
1417,,,1674562474,11,,,,,
1417,,,1674562471,12,,,,,
1417,,,1674562475,13,,,,,
1417,,,1472933794,14,,,,,
1417,,,1447430608,15,,,,,
1417,,,2278336795,16,,,,,
1417,,,1749712929,17,,,,,
1417,,,1749712873,18,,,,,
1417,,,1749712878,19,,,,,
1417,,,1749712883,20,,,,,
1417,,,1749712891,21,,,,,
1417,18:03:00,18:03:00,1749712867,22,,,,,
1418,17:50:00,17:50:00,43719878,0,,,,,
1418,,,1534021473,1,,,,,
1418,,,1424233276,2,,,,,
1418,,,1431853040,3,,,,,
1418,,,1431470229,4,,,,,
1418,,,1723070990,5,,,,,
1418,,,1715695954,6,,,,,
1418,,,1715695959,7,,,,,
1418,,,1715695962,8,,,,,
1418,,,1674562478,9,,,,,
1418,,,1674562473,10,,,,,
1418,,,1674562474,11,,,,,
1418,,,1674562471,12,,,,,
1418,,,1674562475,13,,,,,
1418,,,1472933794,14,,,,,
1418,,,1447430608,15,,,,,
1418,,,2278336795,16,,,,,
1418,,,1749712929,17,,,,,
1418,,,1749712873,18,,,,,
1418,,,1749712878,19,,,,,
1418,,,1749712883,20,,,,,
1418,,,1749712891,21,,,,,
1418,18:17:00,18:17:00,1749712867,22,,,,,
1419,18:00:00,18:00:00,43719878,0,,,,,
1419,,,1534021473,1,,,,,
1419,,,1424233276,2,,,,,
1419,,,1431853040,3,,,,,
1419,,,1431470229,4,,,,,
1419,,,1723070990,5,,,,,
1419,,,1715695954,6,,,,,
1419,,,1715695959,7,,,,,
1419,,,1715695962,8,,,,,
1419,,,1674562478,9,,,,,
1419,,,1674562473,10,,,,,
1419,,,1674562474,11,,,,,
1419,,,1674562471,12,,,,,
1419,,,1674562475,13,,,,,
1419,,,1472933794,14,,,,,
1419,,,1447430608,15,,,,,
1419,,,2278336795,16,,,,,
1419,,,1749712929,17,,,,,
1419,,,1749712873,18,,,,,
1419,,,1749712878,19,,,,,
1419,,,1749712883,20,,,,,
1419,,,1749712891,21,,,,,
1419,18:27:00,18:27:00,1749712867,22,,,,,
1420,18:10:00,18:10:00,43719878,0,,,,,
1420,,,1534021473,1,,,,,
1420,,,1424233276,2,,,,,
1420,,,1431853040,3,,,,,
1420,,,1431470229,4,,,,,
1420,,,1723070990,5,,,,,
1420,,,1715695954,6,,,,,
1420,,,1715695959,7,,,,,
1420,,,1715695962,8,,,,,
1420,,,1674562478,9,,,,,
1420,,,1674562473,10,,,,,
1420,,,1674562474,11,,,,,
1420,,,1674562471,12,,,,,
1420,,,1674562475,13,,,,,
1420,,,1472933794,14,,,,,
1420,,,1447430608,15,,,,,
1420,,,2278336795,16,,,,,
1420,,,1749712929,17,,,,,
1420,,,1749712873,18,,,,,
1420,,,1749712878,19,,,,,
1420,,,1749712883,20,,,,,
1420,,,1749712891,21,,,,,
1420,18:37:00,18:37:00,1749712867,22,,,,,
1421,18:20:00,18:20:00,43719878,0,,,,,
1421,,,1534021473,1,,,,,
1421,,,1424233276,2,,,,,
1421,,,1431853040,3,,,,,
1421,,,1431470229,4,,,,,
1421,,,1723070990,5,,,,,
1421,,,1715695954,6,,,,,
1421,,,1715695959,7,,,,,
1421,,,1715695962,8,,,,,
1421,,,1674562478,9,,,,,
1421,,,1674562473,10,,,,,
1421,,,1674562474,11,,,,,
1421,,,1674562471,12,,,,,
1421,,,1674562475,13,,,,,
1421,,,1472933794,14,,,,,
1421,,,1447430608,15,,,,,
1421,,,2278336795,16,,,,,
1421,,,1749712929,17,,,,,
1421,,,1749712873,18,,,,,
1421,,,1749712878,19,,,,,
1421,,,1749712883,20,,,,,
1421,,,1749712891,21,,,,,
1421,18:47:00,18:47:00,1749712867,22,,,,,
1422,18:42:00,18:42:00,43719878,0,,,,,
1422,,,1534021473,1,,,,,
1422,,,1424233276,2,,,,,
1422,,,1431853040,3,,,,,
1422,,,1431470229,4,,,,,
1422,,,1723070990,5,,,,,
1422,,,1715695954,6,,,,,
1422,,,1715695959,7,,,,,
1422,,,1715695962,8,,,,,
1422,,,1674562478,9,,,,,
1422,,,1674562473,10,,,,,
1422,,,1674562474,11,,,,,
1422,,,1674562471,12,,,,,
1422,,,1674562475,13,,,,,
1422,,,1472933794,14,,,,,
1422,,,1447430608,15,,,,,
1422,,,2278336795,16,,,,,
1422,,,1749712929,17,,,,,
1422,,,1749712873,18,,,,,
1422,,,1749712878,19,,,,,
1422,,,1749712883,20,,,,,
1422,,,1749712891,21,,,,,
1422,19:09:00,19:09:00,1749712867,22,,,,,
1423,18:58:00,18:58:00,43719878,0,,,,,
1423,,,1534021473,1,,,,,
1423,,,1424233276,2,,,,,
1423,,,1431853040,3,,,,,
1423,,,1431470229,4,,,,,
1423,,,1723070990,5,,,,,
1423,,,1715695954,6,,,,,
1423,,,1715695959,7,,,,,
1423,,,1715695962,8,,,,,
1423,,,1674562478,9,,,,,
1423,,,1674562473,10,,,,,
1423,,,1674562474,11,,,,,
1423,,,1674562471,12,,,,,
1423,,,1674562475,13,,,,,
1423,,,1472933794,14,,,,,
1423,,,1447430608,15,,,,,
1423,,,2278336795,16,,,,,
1423,,,1749712929,17,,,,,
1423,,,1749712873,18,,,,,
1423,,,1749712878,19,,,,,
1423,,,1749712883,20,,,,,
1423,,,1749712891,21,,,,,
1423,19:25:00,19:25:00,1749712867,22,,,,,
1424,19:20:00,19:20:00,43719878,0,,,,,
1424,,,1534021473,1,,,,,
1424,,,1424233276,2,,,,,
1424,,,1431853040,3,,,,,
1424,,,1431470229,4,,,,,
1424,,,1723070990,5,,,,,
1424,,,1715695954,6,,,,,
1424,,,1715695959,7,,,,,
1424,,,1715695962,8,,,,,
1424,,,1674562478,9,,,,,
1424,,,1674562473,10,,,,,
1424,,,1674562474,11,,,,,
1424,,,1674562471,12,,,,,
1424,,,1674562475,13,,,,,
1424,,,1472933794,14,,,,,
1424,,,1447430608,15,,,,,
1424,,,2278336795,16,,,,,
1424,,,1749712929,17,,,,,
1424,,,1749712873,18,,,,,
1424,,,1749712878,19,,,,,
1424,,,1749712883,20,,,,,
1424,,,1749712891,21,,,,,
1424,19:47:00,19:47:00,1749712867,22,,,,,
1425,19:40:00,19:40:00,43719878,0,,,,,
1425,,,1534021473,1,,,,,
1425,,,1424233276,2,,,,,
1425,,,1431853040,3,,,,,
1425,,,1431470229,4,,,,,
1425,,,1723070990,5,,,,,
1425,,,1715695954,6,,,,,
1425,,,1715695959,7,,,,,
1425,,,1715695962,8,,,,,
1425,,,1674562478,9,,,,,
1425,,,1674562473,10,,,,,
1425,,,1674562474,11,,,,,
1425,,,1674562471,12,,,,,
1425,,,1674562475,13,,,,,
1425,,,1472933794,14,,,,,
1425,,,1447430608,15,,,,,
1425,,,2278336795,16,,,,,
1425,,,1749712929,17,,,,,
1425,,,1749712873,18,,,,,
1425,,,1749712878,19,,,,,
1425,,,1749712883,20,,,,,
1425,,,1749712891,21,,,,,
1425,20:07:00,20:07:00,1749712867,22,,,,,
1426,20:00:00,20:00:00,43719878,0,,,,,
1426,,,1534021473,1,,,,,
1426,,,1424233276,2,,,,,
1426,,,1431853040,3,,,,,
1426,,,1431470229,4,,,,,
1426,,,1723070990,5,,,,,
1426,,,1715695954,6,,,,,
1426,,,1715695959,7,,,,,
1426,,,1715695962,8,,,,,
1426,,,1674562478,9,,,,,
1426,,,1674562473,10,,,,,
1426,,,1674562474,11,,,,,
1426,,,1674562471,12,,,,,
1426,,,1674562475,13,,,,,
1426,,,1472933794,14,,,,,
1426,,,1447430608,15,,,,,
1426,,,2278336795,16,,,,,
1426,,,1749712929,17,,,,,
1426,,,1749712873,18,,,,,
1426,,,1749712878,19,,,,,
1426,,,1749712883,20,,,,,
1426,,,1749712891,21,,,,,
1426,20:27:00,20:27:00,1749712867,22,,,,,
1427,21:00:00,21:00:00,43719878,0,,,,,
1427,,,1534021473,1,,,,,
1427,,,1424233276,2,,,,,
1427,,,1431853040,3,,,,,
1427,,,1431470229,4,,,,,
1427,,,1723070990,5,,,,,
1427,,,1715695954,6,,,,,
1427,,,1715695959,7,,,,,
1427,,,1715695962,8,,,,,
1427,,,1674562478,9,,,,,
1427,,,1674562473,10,,,,,
1427,,,1674562474,11,,,,,
1427,,,1674562471,12,,,,,
1427,,,1674562475,13,,,,,
1427,,,1472933794,14,,,,,
1427,,,1447430608,15,,,,,
1427,,,2278336795,16,,,,,
1427,,,1749712929,17,,,,,
1427,,,1749712873,18,,,,,
1427,,,1749712878,19,,,,,
1427,,,1749712883,20,,,,,
1427,,,1749712891,21,,,,,
1427,21:27:00,21:27:00,1749712867,22,,,,,
1428,21:30:00,21:30:00,43719878,0,,,,,
1428,,,1534021473,1,,,,,
1428,,,1424233276,2,,,,,
1428,,,1431853040,3,,,,,
1428,,,1431470229,4,,,,,
1428,,,1723070990,5,,,,,
1428,,,1715695954,6,,,,,
1428,,,1715695959,7,,,,,
1428,,,1715695962,8,,,,,
1428,,,1674562478,9,,,,,
1428,,,1674562473,10,,,,,
1428,,,1674562474,11,,,,,
1428,,,1674562471,12,,,,,
1428,,,1674562475,13,,,,,
1428,,,1472933794,14,,,,,
1428,,,1447430608,15,,,,,
1428,,,2278336795,16,,,,,
1428,,,1749712929,17,,,,,
1428,,,1749712873,18,,,,,
1428,,,1749712878,19,,,,,
1428,,,1749712883,20,,,,,
1428,,,1749712891,21,,,,,
1428,21:57:00,21:57:00,1749712867,22,,,,,
1429,22:00:00,22:00:00,43719878,0,,,,,
1429,,,1534021473,1,,,,,
1429,,,1424233276,2,,,,,
1429,,,1431853040,3,,,,,
1429,,,1431470229,4,,,,,
1429,,,1723070990,5,,,,,
1429,,,1715695954,6,,,,,
1429,,,1715695959,7,,,,,
1429,,,1715695962,8,,,,,
1429,,,1674562478,9,,,,,
1429,,,1674562473,10,,,,,
1429,,,1674562474,11,,,,,
1429,,,1674562471,12,,,,,
1429,,,1674562475,13,,,,,
1429,,,1472933794,14,,,,,
1429,,,1447430608,15,,,,,
1429,,,2278336795,16,,,,,
1429,,,1749712929,17,,,,,
1429,,,1749712873,18,,,,,
1429,,,1749712878,19,,,,,
1429,,,1749712883,20,,,,,
1429,,,1749712891,21,,,,,
1429,22:27:00,22:27:00,1749712867,22,,,,,
1430,22:22:00,22:22:00,43719878,0,,,,,
1430,,,1534021473,1,,,,,
1430,,,1424233276,2,,,,,
1430,,,1431853040,3,,,,,
1430,,,1431470229,4,,,,,
1430,,,1723070990,5,,,,,
1430,,,1715695954,6,,,,,
1430,,,1715695959,7,,,,,
1430,,,1715695962,8,,,,,
1430,,,1674562478,9,,,,,
1430,,,1674562473,10,,,,,
1430,,,1674562474,11,,,,,
1430,,,1674562471,12,,,,,
1430,,,1674562475,13,,,,,
1430,,,1472933794,14,,,,,
1430,,,1447430608,15,,,,,
1430,,,2278336795,16,,,,,
1430,,,1749712929,17,,,,,
1430,,,1749712873,18,,,,,
1430,,,1749712878,19,,,,,
1430,,,1749712883,20,,,,,
1430,,,1749712891,21,,,,,
1430,22:49:00,22:49:00,1749712867,22,,,,,
1431,22:30:00,22:30:00,43719878,0,,,,,
1431,,,1534021473,1,,,,,
1431,,,1424233276,2,,,,,
1431,,,1431853040,3,,,,,
1431,,,1431470229,4,,,,,
1431,,,1723070990,5,,,,,
1431,,,1715695954,6,,,,,
1431,,,1715695959,7,,,,,
1431,,,1715695962,8,,,,,
1431,,,1674562478,9,,,,,
1431,,,1674562473,10,,,,,
1431,,,1674562474,11,,,,,
1431,,,1674562471,12,,,,,
1431,,,1674562475,13,,,,,
1431,,,1472933794,14,,,,,
1431,,,1447430608,15,,,,,
1431,,,2278336795,16,,,,,
1431,,,1749712929,17,,,,,
1431,,,1749712873,18,,,,,
1431,,,1749712878,19,,,,,
1431,,,1749712883,20,,,,,
1431,,,1749712891,21,,,,,
1431,22:57:00,22:57:00,1749712867,22,,,,,
1432,22:45:00,22:45:00,43719878,0,,,,,
1432,,,1534021473,1,,,,,
1432,,,1424233276,2,,,,,
1432,,,1431853040,3,,,,,
1432,,,1431470229,4,,,,,
1432,,,1723070990,5,,,,,
1432,,,1715695954,6,,,,,
1432,,,1715695959,7,,,,,
1432,,,1715695962,8,,,,,
1432,,,1674562478,9,,,,,
1432,,,1674562473,10,,,,,
1432,,,1674562474,11,,,,,
1432,,,1674562471,12,,,,,
1432,,,1674562475,13,,,,,
1432,,,1472933794,14,,,,,
1432,,,1447430608,15,,,,,
1432,,,2278336795,16,,,,,
1432,,,1749712929,17,,,,,
1432,,,1749712873,18,,,,,
1432,,,1749712878,19,,,,,
1432,,,1749712883,20,,,,,
1432,,,1749712891,21,,,,,
1432,23:12:00,23:12:00,1749712867,22,,,,,
1433,23:15:00,23:15:00,43719878,0,,,,,
1433,,,1534021473,1,,,,,
1433,,,1424233276,2,,,,,
1433,,,1431853040,3,,,,,
1433,,,1431470229,4,,,,,
1433,,,1723070990,5,,,,,
1433,,,1715695954,6,,,,,
1433,,,1715695959,7,,,,,
1433,,,1715695962,8,,,,,
1433,,,1674562478,9,,,,,
1433,,,1674562473,10,,,,,
1433,,,1674562474,11,,,,,
1433,,,1674562471,12,,,,,
1433,,,1674562475,13,,,,,
1433,,,1472933794,14,,,,,
1433,,,1447430608,15,,,,,
1433,,,2278336795,16,,,,,
1433,,,1749712929,17,,,,,
1433,,,1749712873,18,,,,,
1433,,,1749712878,19,,,,,
1433,,,1749712883,20,,,,,
1433,,,1749712891,21,,,,,
1433,23:42:00,23:42:00,1749712867,22,,,,,
1434,23:40:00,23:40:00,43719878,0,,,,,
1434,,,1534021473,1,,,,,
1434,,,1424233276,2,,,,,
1434,,,1431853040,3,,,,,
1434,,,1431470229,4,,,,,
1434,,,1723070990,5,,,,,
1434,,,1715695954,6,,,,,
1434,,,1715695959,7,,,,,
1434,,,1715695962,8,,,,,
1434,,,1674562478,9,,,,,
1434,,,1674562473,10,,,,,
1434,,,1674562474,11,,,,,
1434,,,1674562471,12,,,,,
1434,,,1674562475,13,,,,,
1434,,,1472933794,14,,,,,
1434,,,1447430608,15,,,,,
1434,,,2278336795,16,,,,,
1434,,,1749712929,17,,,,,
1434,,,1749712873,18,,,,,
1434,,,1749712878,19,,,,,
1434,,,1749712883,20,,,,,
1434,,,1749712891,21,,,,,
1434,00:07:00,00:07:00,1749712867,22,,,,,
1435,13:30:00,13:30:00,43719878,0,,,,,
1435,,,1534021473,1,,,,,
1435,,,1424233276,2,,,,,
1435,,,1431853040,3,,,,,
1435,,,1431470229,4,,,,,
1435,,,1723070990,5,,,,,
1435,,,1715695954,6,,,,,
1435,,,1715695959,7,,,,,
1435,,,1715695962,8,,,,,
1435,,,1674562478,9,,,,,
1435,,,1674562473,10,,,,,
1435,,,1674562474,11,,,,,
1435,,,1674562471,12,,,,,
1435,,,1674562475,13,,,,,
1435,,,1472933794,14,,,,,
1435,,,1447430608,15,,,,,
1435,,,2278336795,16,,,,,
1435,,,1749712929,17,,,,,
1435,,,1749712873,18,,,,,
1435,,,1749712878,19,,,,,
1435,,,1749712883,20,,,,,
1435,,,1749712891,21,,,,,
1435,13:57:00,13:57:00,1749712867,22,,,,,
1437,06:00:00,06:00:00,43719878,0,,,,,
1437,,,1534021473,1,,,,,
1437,,,1424233276,2,,,,,
1437,,,1431853040,3,,,,,
1437,,,1431470229,4,,,,,
1437,,,1723070990,5,,,,,
1437,,,1715695954,6,,,,,
1437,,,1715695959,7,,,,,
1437,,,1715695962,8,,,,,
1437,,,1674562478,9,,,,,
1437,,,1674562473,10,,,,,
1437,,,1674562474,11,,,,,
1437,,,1674562471,12,,,,,
1437,,,1674562475,13,,,,,
1437,,,1472933794,14,,,,,
1437,,,1447430608,15,,,,,
1437,,,2278336795,16,,,,,
1437,,,1749712929,17,,,,,
1437,,,1749712873,18,,,,,
1437,,,1749712878,19,,,,,
1437,,,1749712883,20,,,,,
1437,,,1749712891,21,,,,,
1437,06:27:00,06:27:00,1749712867,22,,,,,
1438,06:35:00,06:35:00,43719878,0,,,,,
1438,,,1534021473,1,,,,,
1438,,,1424233276,2,,,,,
1438,,,1431853040,3,,,,,
1438,,,1431470229,4,,,,,
1438,,,1723070990,5,,,,,
1438,,,1715695954,6,,,,,
1438,,,1715695959,7,,,,,
1438,,,1715695962,8,,,,,
1438,,,1674562478,9,,,,,
1438,,,1674562473,10,,,,,
1438,,,1674562474,11,,,,,
1438,,,1674562471,12,,,,,
1438,,,1674562475,13,,,,,
1438,,,1472933794,14,,,,,
1438,,,1447430608,15,,,,,
1438,,,2278336795,16,,,,,
1438,,,1749712929,17,,,,,
1438,,,1749712873,18,,,,,
1438,,,1749712878,19,,,,,
1438,,,1749712883,20,,,,,
1438,,,1749712891,21,,,,,
1438,07:02:00,07:02:00,1749712867,22,,,,,
1439,07:05:00,07:05:00,43719878,0,,,,,
1439,,,1534021473,1,,,,,
1439,,,1424233276,2,,,,,
1439,,,1431853040,3,,,,,
1439,,,1431470229,4,,,,,
1439,,,1723070990,5,,,,,
1439,,,1715695954,6,,,,,
1439,,,1715695959,7,,,,,
1439,,,1715695962,8,,,,,
1439,,,1674562478,9,,,,,
1439,,,1674562473,10,,,,,
1439,,,1674562474,11,,,,,
1439,,,1674562471,12,,,,,
1439,,,1674562475,13,,,,,
1439,,,1472933794,14,,,,,
1439,,,1447430608,15,,,,,
1439,,,2278336795,16,,,,,
1439,,,1749712929,17,,,,,
1439,,,1749712873,18,,,,,
1439,,,1749712878,19,,,,,
1439,,,1749712883,20,,,,,
1439,,,1749712891,21,,,,,
1439,07:32:00,07:32:00,1749712867,22,,,,,
1440,07:35:00,07:35:00,43719878,0,,,,,
1440,,,1534021473,1,,,,,
1440,,,1424233276,2,,,,,
1440,,,1431853040,3,,,,,
1440,,,1431470229,4,,,,,
1440,,,1723070990,5,,,,,
1440,,,1715695954,6,,,,,
1440,,,1715695959,7,,,,,
1440,,,1715695962,8,,,,,
1440,,,1674562478,9,,,,,
1440,,,1674562473,10,,,,,
1440,,,1674562474,11,,,,,
1440,,,1674562471,12,,,,,
1440,,,1674562475,13,,,,,
1440,,,1472933794,14,,,,,
1440,,,1447430608,15,,,,,
1440,,,2278336795,16,,,,,
1440,,,1749712929,17,,,,,
1440,,,1749712873,18,,,,,
1440,,,1749712878,19,,,,,
1440,,,1749712883,20,,,,,
1440,,,1749712891,21,,,,,
1440,08:02:00,08:02:00,1749712867,22,,,,,
1441,08:05:00,08:05:00,43719878,0,,,,,
1441,,,1534021473,1,,,,,
1441,,,1424233276,2,,,,,
1441,,,1431853040,3,,,,,
1441,,,1431470229,4,,,,,
1441,,,1723070990,5,,,,,
1441,,,1715695954,6,,,,,
1441,,,1715695959,7,,,,,
1441,,,1715695962,8,,,,,
1441,,,1674562478,9,,,,,
1441,,,1674562473,10,,,,,
1441,,,1674562474,11,,,,,
1441,,,1674562471,12,,,,,
1441,,,1674562475,13,,,,,
1441,,,1472933794,14,,,,,
1441,,,1447430608,15,,,,,
1441,,,2278336795,16,,,,,
1441,,,1749712929,17,,,,,
1441,,,1749712873,18,,,,,
1441,,,1749712878,19,,,,,
1441,,,1749712883,20,,,,,
1441,,,1749712891,21,,,,,
1441,08:32:00,08:32:00,1749712867,22,,,,,
1442,08:35:00,08:35:00,43719878,0,,,,,
1442,,,1534021473,1,,,,,
1442,,,1424233276,2,,,,,
1442,,,1431853040,3,,,,,
1442,,,1431470229,4,,,,,
1442,,,1723070990,5,,,,,
1442,,,1715695954,6,,,,,
1442,,,1715695959,7,,,,,
1442,,,1715695962,8,,,,,
1442,,,1674562478,9,,,,,
1442,,,1674562473,10,,,,,
1442,,,1674562474,11,,,,,
1442,,,1674562471,12,,,,,
1442,,,1674562475,13,,,,,
1442,,,1472933794,14,,,,,
1442,,,1447430608,15,,,,,
1442,,,2278336795,16,,,,,
1442,,,1749712929,17,,,,,
1442,,,1749712873,18,,,,,
1442,,,1749712878,19,,,,,
1442,,,1749712883,20,,,,,
1442,,,1749712891,21,,,,,
1442,09:02:00,09:02:00,1749712867,22,,,,,
1443,09:05:00,09:05:00,43719878,0,,,,,
1443,,,1534021473,1,,,,,
1443,,,1424233276,2,,,,,
1443,,,1431853040,3,,,,,
1443,,,1431470229,4,,,,,
1443,,,1723070990,5,,,,,
1443,,,1715695954,6,,,,,
1443,,,1715695959,7,,,,,
1443,,,1715695962,8,,,,,
1443,,,1674562478,9,,,,,
1443,,,1674562473,10,,,,,
1443,,,1674562474,11,,,,,
1443,,,1674562471,12,,,,,
1443,,,1674562475,13,,,,,
1443,,,1472933794,14,,,,,
1443,,,1447430608,15,,,,,
1443,,,2278336795,16,,,,,
1443,,,1749712929,17,,,,,
1443,,,1749712873,18,,,,,
1443,,,1749712878,19,,,,,
1443,,,1749712883,20,,,,,
1443,,,1749712891,21,,,,,
1443,09:32:00,09:32:00,1749712867,22,,,,,
1444,09:40:00,09:40:00,43719878,0,,,,,
1444,,,1534021473,1,,,,,
1444,,,1424233276,2,,,,,
1444,,,1431853040,3,,,,,
1444,,,1431470229,4,,,,,
1444,,,1723070990,5,,,,,
1444,,,1715695954,6,,,,,
1444,,,1715695959,7,,,,,
1444,,,1715695962,8,,,,,
1444,,,1674562478,9,,,,,
1444,,,1674562473,10,,,,,
1444,,,1674562474,11,,,,,
1444,,,1674562471,12,,,,,
1444,,,1674562475,13,,,,,
1444,,,1472933794,14,,,,,
1444,,,1447430608,15,,,,,
1444,,,2278336795,16,,,,,
1444,,,1749712929,17,,,,,
1444,,,1749712873,18,,,,,
1444,,,1749712878,19,,,,,
1444,,,1749712883,20,,,,,
1444,,,1749712891,21,,,,,
1444,10:07:00,10:07:00,1749712867,22,,,,,
1445,10:20:00,10:20:00,43719878,0,,,,,
1445,,,1534021473,1,,,,,
1445,,,1424233276,2,,,,,
1445,,,1431853040,3,,,,,
1445,,,1431470229,4,,,,,
1445,,,1723070990,5,,,,,
1445,,,1715695954,6,,,,,
1445,,,1715695959,7,,,,,
1445,,,1715695962,8,,,,,
1445,,,1674562478,9,,,,,
1445,,,1674562473,10,,,,,
1445,,,1674562474,11,,,,,
1445,,,1674562471,12,,,,,
1445,,,1674562475,13,,,,,
1445,,,1472933794,14,,,,,
1445,,,1447430608,15,,,,,
1445,,,2278336795,16,,,,,
1445,,,1749712929,17,,,,,
1445,,,1749712873,18,,,,,
1445,,,1749712878,19,,,,,
1445,,,1749712883,20,,,,,
1445,,,1749712891,21,,,,,
1445,10:47:00,10:47:00,1749712867,22,,,,,
1446,11:00:00,11:00:00,43719878,0,,,,,
1446,,,1534021473,1,,,,,
1446,,,1424233276,2,,,,,
1446,,,1431853040,3,,,,,
1446,,,1431470229,4,,,,,
1446,,,1723070990,5,,,,,
1446,,,1715695954,6,,,,,
1446,,,1715695959,7,,,,,
1446,,,1715695962,8,,,,,
1446,,,1674562478,9,,,,,
1446,,,1674562473,10,,,,,
1446,,,1674562474,11,,,,,
1446,,,1674562471,12,,,,,
1446,,,1674562475,13,,,,,
1446,,,1472933794,14,,,,,
1446,,,1447430608,15,,,,,
1446,,,2278336795,16,,,,,
1446,,,1749712929,17,,,,,
1446,,,1749712873,18,,,,,
1446,,,1749712878,19,,,,,
1446,,,1749712883,20,,,,,
1446,,,1749712891,21,,,,,
1446,11:27:00,11:27:00,1749712867,22,,,,,
1447,11:30:00,11:30:00,43719878,0,,,,,
1447,,,1534021473,1,,,,,
1447,,,1424233276,2,,,,,
1447,,,1431853040,3,,,,,
1447,,,1431470229,4,,,,,
1447,,,1723070990,5,,,,,
1447,,,1715695954,6,,,,,
1447,,,1715695959,7,,,,,
1447,,,1715695962,8,,,,,
1447,,,1674562478,9,,,,,
1447,,,1674562473,10,,,,,
1447,,,1674562474,11,,,,,
1447,,,1674562471,12,,,,,
1447,,,1674562475,13,,,,,
1447,,,1472933794,14,,,,,
1447,,,1447430608,15,,,,,
1447,,,2278336795,16,,,,,
1447,,,1749712929,17,,,,,
1447,,,1749712873,18,,,,,
1447,,,1749712878,19,,,,,
1447,,,1749712883,20,,,,,
1447,,,1749712891,21,,,,,
1447,11:57:00,11:57:00,1749712867,22,,,,,
1448,11:45:00,11:45:00,43719878,0,,,,,
1448,,,1534021473,1,,,,,
1448,,,1424233276,2,,,,,
1448,,,1431853040,3,,,,,
1448,,,1431470229,4,,,,,
1448,,,1723070990,5,,,,,
1448,,,1715695954,6,,,,,
1448,,,1715695959,7,,,,,
1448,,,1715695962,8,,,,,
1448,,,1674562478,9,,,,,
1448,,,1674562473,10,,,,,
1448,,,1674562474,11,,,,,
1448,,,1674562471,12,,,,,
1448,,,1674562475,13,,,,,
1448,,,1472933794,14,,,,,
1448,,,1447430608,15,,,,,
1448,,,2278336795,16,,,,,
1448,,,1749712929,17,,,,,
1448,,,1749712873,18,,,,,
1448,,,1749712878,19,,,,,
1448,,,1749712883,20,,,,,
1448,,,1749712891,21,,,,,
1448,12:12:00,12:12:00,1749712867,22,,,,,
1449,00:15:00,00:15:00,43719878,0,,,,,
1449,,,1534021473,1,,,,,
1449,,,1424233276,2,,,,,
1449,,,1431853040,3,,,,,
1449,,,1431470229,4,,,,,
1449,,,1723070990,5,,,,,
1449,,,1715695954,6,,,,,
1449,,,1715695959,7,,,,,
1449,,,1715695962,8,,,,,
1449,,,1674562478,9,,,,,
1449,,,1674562473,10,,,,,
1449,,,1674562474,11,,,,,
1449,,,1674562471,12,,,,,
1449,,,1674562475,13,,,,,
1449,,,1472933794,14,,,,,
1449,,,1447430608,15,,,,,
1449,,,2278336795,16,,,,,
1449,,,1749712929,17,,,,,
1449,,,1749712873,18,,,,,
1449,,,1749712878,19,,,,,
1449,,,1749712883,20,,,,,
1449,,,1749712891,21,,,,,
1449,00:42:00,00:42:00,1749712867,22,,,,,
1450,00:30:00,00:30:00,43719878,0,,,,,
1450,,,1534021473,1,,,,,
1450,,,1424233276,2,,,,,
1450,,,1431853040,3,,,,,
1450,,,1431470229,4,,,,,
1450,,,1723070990,5,,,,,
1450,,,1715695954,6,,,,,
1450,,,1715695959,7,,,,,
1450,,,1715695962,8,,,,,
1450,,,1674562478,9,,,,,
1450,,,1674562473,10,,,,,
1450,,,1674562474,11,,,,,
1450,,,1674562471,12,,,,,
1450,,,1674562475,13,,,,,
1450,,,1472933794,14,,,,,
1450,,,1447430608,15,,,,,
1450,,,2278336795,16,,,,,
1450,,,1749712929,17,,,,,
1450,,,1749712873,18,,,,,
1450,,,1749712878,19,,,,,
1450,,,1749712883,20,,,,,
1450,,,1749712891,21,,,,,
1450,00:57:00,00:57:00,1749712867,22,,,,,
1451,13:00:00,13:00:00,43719878,0,,,,,
1451,,,1534021473,1,,,,,
1451,,,1424233276,2,,,,,
1451,,,1431853040,3,,,,,
1451,,,1431470229,4,,,,,
1451,,,1723070990,5,,,,,
1451,,,1715695954,6,,,,,
1451,,,1715695959,7,,,,,
1451,,,1715695962,8,,,,,
1451,,,1674562478,9,,,,,
1451,,,1674562473,10,,,,,
1451,,,1674562474,11,,,,,
1451,,,1674562471,12,,,,,
1451,,,1674562475,13,,,,,
1451,,,1472933794,14,,,,,
1451,,,1447430608,15,,,,,
1451,,,2278336795,16,,,,,
1451,,,1749712929,17,,,,,
1451,,,1749712873,18,,,,,
1451,,,1749712878,19,,,,,
1451,,,1749712883,20,,,,,
1451,,,1749712891,21,,,,,
1451,13:27:00,13:27:00,1749712867,22,,,,,
1452,13:30:00,13:30:00,43719878,0,,,,,
1452,,,1534021473,1,,,,,
1452,,,1424233276,2,,,,,
1452,,,1431853040,3,,,,,
1452,,,1431470229,4,,,,,
1452,,,1723070990,5,,,,,
1452,,,1715695954,6,,,,,
1452,,,1715695959,7,,,,,
1452,,,1715695962,8,,,,,
1452,,,1674562478,9,,,,,
1452,,,1674562473,10,,,,,
1452,,,1674562474,11,,,,,
1452,,,1674562471,12,,,,,
1452,,,1674562475,13,,,,,
1452,,,1472933794,14,,,,,
1452,,,1447430608,15,,,,,
1452,,,2278336795,16,,,,,
1452,,,1749712929,17,,,,,
1452,,,1749712873,18,,,,,
1452,,,1749712878,19,,,,,
1452,,,1749712883,20,,,,,
1452,,,1749712891,21,,,,,
1452,13:57:00,13:57:00,1749712867,22,,,,,
1453,13:45:00,13:45:00,43719878,0,,,,,
1453,,,1534021473,1,,,,,
1453,,,1424233276,2,,,,,
1453,,,1431853040,3,,,,,
1453,,,1431470229,4,,,,,
1453,,,1723070990,5,,,,,
1453,,,1715695954,6,,,,,
1453,,,1715695959,7,,,,,
1453,,,1715695962,8,,,,,
1453,,,1674562478,9,,,,,
1453,,,1674562473,10,,,,,
1453,,,1674562474,11,,,,,
1453,,,1674562471,12,,,,,
1453,,,1674562475,13,,,,,
1453,,,1472933794,14,,,,,
1453,,,1447430608,15,,,,,
1453,,,2278336795,16,,,,,
1453,,,1749712929,17,,,,,
1453,,,1749712873,18,,,,,
1453,,,1749712878,19,,,,,
1453,,,1749712883,20,,,,,
1453,,,1749712891,21,,,,,
1453,14:12:00,14:12:00,1749712867,22,,,,,
1454,14:50:00,14:50:00,43719878,0,,,,,
1454,,,1534021473,1,,,,,
1454,,,1424233276,2,,,,,
1454,,,1431853040,3,,,,,
1454,,,1431470229,4,,,,,
1454,,,1723070990,5,,,,,
1454,,,1715695954,6,,,,,
1454,,,1715695959,7,,,,,
1454,,,1715695962,8,,,,,
1454,,,1674562478,9,,,,,
1454,,,1674562473,10,,,,,
1454,,,1674562474,11,,,,,
1454,,,1674562471,12,,,,,
1454,,,1674562475,13,,,,,
1454,,,1472933794,14,,,,,
1454,,,1447430608,15,,,,,
1454,,,2278336795,16,,,,,
1454,,,1749712929,17,,,,,
1454,,,1749712873,18,,,,,
1454,,,1749712878,19,,,,,
1454,,,1749712883,20,,,,,
1454,,,1749712891,21,,,,,
1454,15:17:00,15:17:00,1749712867,22,,,,,
1455,15:30:00,15:30:00,43719878,0,,,,,
1455,,,1534021473,1,,,,,
1455,,,1424233276,2,,,,,
1455,,,1431853040,3,,,,,
1455,,,1431470229,4,,,,,
1455,,,1723070990,5,,,,,
1455,,,1715695954,6,,,,,
1455,,,1715695959,7,,,,,
1455,,,1715695962,8,,,,,
1455,,,1674562478,9,,,,,
1455,,,1674562473,10,,,,,
1455,,,1674562474,11,,,,,
1455,,,1674562471,12,,,,,
1455,,,1674562475,13,,,,,
1455,,,1472933794,14,,,,,
1455,,,1447430608,15,,,,,
1455,,,2278336795,16,,,,,
1455,,,1749712929,17,,,,,
1455,,,1749712873,18,,,,,
1455,,,1749712878,19,,,,,
1455,,,1749712883,20,,,,,
1455,,,1749712891,21,,,,,
1455,15:57:00,15:57:00,1749712867,22,,,,,
1456,16:10:00,16:10:00,43719878,0,,,,,
1456,,,1534021473,1,,,,,
1456,,,1424233276,2,,,,,
1456,,,1431853040,3,,,,,
1456,,,1431470229,4,,,,,
1456,,,1723070990,5,,,,,
1456,,,1715695954,6,,,,,
1456,,,1715695959,7,,,,,
1456,,,1715695962,8,,,,,
1456,,,1674562478,9,,,,,
1456,,,1674562473,10,,,,,
1456,,,1674562474,11,,,,,
1456,,,1674562471,12,,,,,
1456,,,1674562475,13,,,,,
1456,,,1472933794,14,,,,,
1456,,,1447430608,15,,,,,
1456,,,2278336795,16,,,,,
1456,,,1749712929,17,,,,,
1456,,,1749712873,18,,,,,
1456,,,1749712878,19,,,,,
1456,,,1749712883,20,,,,,
1456,,,1749712891,21,,,,,
1456,16:37:00,16:37:00,1749712867,22,,,,,
1457,16:50:00,16:50:00,43719878,0,,,,,
1457,,,1534021473,1,,,,,
1457,,,1424233276,2,,,,,
1457,,,1431853040,3,,,,,
1457,,,1431470229,4,,,,,
1457,,,1723070990,5,,,,,
1457,,,1715695954,6,,,,,
1457,,,1715695959,7,,,,,
1457,,,1715695962,8,,,,,
1457,,,1674562478,9,,,,,
1457,,,1674562473,10,,,,,
1457,,,1674562474,11,,,,,
1457,,,1674562471,12,,,,,
1457,,,1674562475,13,,,,,
1457,,,1472933794,14,,,,,
1457,,,1447430608,15,,,,,
1457,,,2278336795,16,,,,,
1457,,,1749712929,17,,,,,
1457,,,1749712873,18,,,,,
1457,,,1749712878,19,,,,,
1457,,,1749712883,20,,,,,
1457,,,1749712891,21,,,,,
1457,17:17:00,17:17:00,1749712867,22,,,,,
1458,17:30:00,17:30:00,43719878,0,,,,,
1458,,,1534021473,1,,,,,
1458,,,1424233276,2,,,,,
1458,,,1431853040,3,,,,,
1458,,,1431470229,4,,,,,
1458,,,1723070990,5,,,,,
1458,,,1715695954,6,,,,,
1458,,,1715695959,7,,,,,
1458,,,1715695962,8,,,,,
1458,,,1674562478,9,,,,,
1458,,,1674562473,10,,,,,
1458,,,1674562474,11,,,,,
1458,,,1674562471,12,,,,,
1458,,,1674562475,13,,,,,
1458,,,1472933794,14,,,,,
1458,,,1447430608,15,,,,,
1458,,,2278336795,16,,,,,
1458,,,1749712929,17,,,,,
1458,,,1749712873,18,,,,,
1458,,,1749712878,19,,,,,
1458,,,1749712883,20,,,,,
1458,,,1749712891,21,,,,,
1458,17:57:00,17:57:00,1749712867,22,,,,,
1459,18:10:00,18:10:00,43719878,0,,,,,
1459,,,1534021473,1,,,,,
1459,,,1424233276,2,,,,,
1459,,,1431853040,3,,,,,
1459,,,1431470229,4,,,,,
1459,,,1723070990,5,,,,,
1459,,,1715695954,6,,,,,
1459,,,1715695959,7,,,,,
1459,,,1715695962,8,,,,,
1459,,,1674562478,9,,,,,
1459,,,1674562473,10,,,,,
1459,,,1674562474,11,,,,,
1459,,,1674562471,12,,,,,
1459,,,1674562475,13,,,,,
1459,,,1472933794,14,,,,,
1459,,,1447430608,15,,,,,
1459,,,2278336795,16,,,,,
1459,,,1749712929,17,,,,,
1459,,,1749712873,18,,,,,
1459,,,1749712878,19,,,,,
1459,,,1749712883,20,,,,,
1459,,,1749712891,21,,,,,
1459,18:37:00,18:37:00,1749712867,22,,,,,
1460,18:50:00,18:50:00,43719878,0,,,,,
1460,,,1534021473,1,,,,,
1460,,,1424233276,2,,,,,
1460,,,1431853040,3,,,,,
1460,,,1431470229,4,,,,,
1460,,,1723070990,5,,,,,
1460,,,1715695954,6,,,,,
1460,,,1715695959,7,,,,,
1460,,,1715695962,8,,,,,
1460,,,1674562478,9,,,,,
1460,,,1674562473,10,,,,,
1460,,,1674562474,11,,,,,
1460,,,1674562471,12,,,,,
1460,,,1674562475,13,,,,,
1460,,,1472933794,14,,,,,
1460,,,1447430608,15,,,,,
1460,,,2278336795,16,,,,,
1460,,,1749712929,17,,,,,
1460,,,1749712873,18,,,,,
1460,,,1749712878,19,,,,,
1460,,,1749712883,20,,,,,
1460,,,1749712891,21,,,,,
1460,19:17:00,19:17:00,1749712867,22,,,,,
1461,19:30:00,19:30:00,43719878,0,,,,,
1461,,,1534021473,1,,,,,
1461,,,1424233276,2,,,,,
1461,,,1431853040,3,,,,,
1461,,,1431470229,4,,,,,
1461,,,1723070990,5,,,,,
1461,,,1715695954,6,,,,,
1461,,,1715695959,7,,,,,
1461,,,1715695962,8,,,,,
1461,,,1674562478,9,,,,,
1461,,,1674562473,10,,,,,
1461,,,1674562474,11,,,,,
1461,,,1674562471,12,,,,,
1461,,,1674562475,13,,,,,
1461,,,1472933794,14,,,,,
1461,,,1447430608,15,,,,,
1461,,,2278336795,16,,,,,
1461,,,1749712929,17,,,,,
1461,,,1749712873,18,,,,,
1461,,,1749712878,19,,,,,
1461,,,1749712883,20,,,,,
1461,,,1749712891,21,,,,,
1461,19:57:00,19:57:00,1749712867,22,,,,,
